  0.99755959009261719     
  0.74791603757811442     
   7.3750076366523740E-002
  0.34223240266120120     
  0.38676720862717301     
   1.6140682154597189E-002
  0.32303077263118596     
  0.96853568765264719     
  0.45687713294606613     
  0.75544260870378377     
  0.65822912053203386     
  0.97866086506688932     
  0.55087202586138362     
  0.97775313472619274     
  0.40246600221185602     
  0.67453414984975679     
  0.11585954880385911     
  0.73112626913715195     
  0.42151121859723689     
  0.99037731511894256     
  0.73402368711228305     
  0.70617965782182990     
   6.1731207343765374E-002
  0.13757322862872240     
  0.30381763759237251     
  0.50366454853843112     
  0.10128623191285495     
  0.79291369079405949     
  0.95354650575145949     
  0.59678065982964812     
  0.10057339249283215     
  0.55444870804951574     
   910.78897676333838     
   848.86147350511851     
   458.03368070135332     
   757.96433109675911     
   592.38553863420816     
   756.59998139629727     
   947.95937508216218     
   169.00972848933657     
   759.70299552651579     
   846.52149679647505     
   557.06882076452928     
   799.60342119410632     
   475.02595439612350     
   508.63870818192765     
   907.89274085786462     
   723.56762867870805     
   760.35844365489356     
   880.39313098740865     
   790.65174648696882     
   455.23501799751614     
   664.11251990442008     
   912.67350046923229     
   386.06022831576826     
   203.76098605432512     
   913.27357818789278     
   649.62580907637164     
   910.12400716089394     
   449.50997477150804     
   934.96996546356479     
   8.5516517991423763E-002
  0.61328656873478060     
   733.43305457491283     
   1385.8593869121969     
   1105.9045854601468     
   1581.4983917902282     
   819.29480185264606     
   1115.3040570435467     
   1147.1933575064572     
   338.56993908441962     
   1268.6656385502745     
   1387.1262334546066     
   512.78562079873075     
   1176.2979974091752     
   319.54162910316620     
   1218.9072890193731     
   1438.6956758319404     
   677.94908602998453     
   875.92902541143167     
   1517.3106650134716     
   1339.9236872070228     
   434.14114312755515     
   1335.8476386305229     
   1230.0793038574257     
   1195.2250175975068     
   814.09085405297924     
   975.09628029648604     
   1295.8327683388088     
   1405.2714453249507     
   1085.5261540467541     
   886.07587424613507     
   9.2815404260263759E-002
  0.36604068767323372     
   699.60008910920828     
   981.83883207697522     
   1877.9324064170776     
   1542.2482344985865     
   1070.6087674457956     
   1400.9241494095254     
   1410.7575053082728     
   516.58450205772135     
   1149.1531246195925     
   1514.5245245700542     
   773.35536549300093     
   1109.8113439595006     
   740.63213470118774     
   1654.8589402604032     
   1702.6879264353818     
   752.74300361438054     
   871.48388508579148     
   1689.3591496852246     
   1204.0295299882443     
   700.81557545543592     
   1492.2334628515775     
   1610.8028972461304     
   1836.5979308732028     
   725.08488518768456     
   1022.4476538824633     
   1778.1757217429738     
   1843.6912843541763     
   1539.0855015418326     
   725.69754254143913     
  0.39499741435888985     
  0.89108810184862264     
   491.86517539708240     
   1207.8562761824035     
   2146.8409959928399     
   2095.1137083782455     
   2016.5356629117400     
   1693.5595714042338     
   1647.5528664628212     
   839.41973264973012     
   1143.6391952816130     
   1977.7875087492566     
   1166.6138927713155     
   1406.6452810670714     
   989.69287382638743     
   2183.8255557353905     
   1436.7524691172221     
   849.04700572224431     
   1055.5306997482121     
   1608.6085472507500     
   1737.2961139322117     
   1289.2070769706734     
   1578.6768791584145     
   2327.7486702622282     
   1854.6853295901562     
   1287.5948059012214     
   2181.9782173585959     
   2508.4230918599787     
   2000.7761109754736     
   1359.5495061018453     
   796.02217162860870     
  0.48526495091719030     
  0.37892155993030485     
   693.56230902410528     
   896.43932387798009     
   1562.5005048798830     
   2123.6387030044880     
   2516.7850380784839     
   2378.4385075338773     
   1376.9244292953906     
   1759.1455683278625     
   1171.5045193194107     
   2272.2461717115052     
   1497.2283405168444     
   1511.3674949524966     
   1273.5695363725613     
   2207.5021990905079     
   1465.0042235926710     
   733.63502875912502     
   1376.5465296780721     
   2059.2987942552704     
   2266.8002187633933     
   1950.5701243101105     
   1622.9111188117563     
   2217.3014235146297     
   2131.4641644782237     
   1608.8829678420143     
   2583.2795877757217     
   2111.3825094776853     
   1258.3699213997140     
   1158.0139519458480     
   1096.3894642081079     
  0.83466540817174983     
  0.46430244579409546     
   816.14581820980573     
   1070.7788689201998     
   1240.8460444776849     
   1298.8398206970762     
   1797.2487335121805     
   2650.2038609957604     
   1859.0073382395058     
   1863.9223943322950     
   2002.3392397308826     
   2507.2038678900121     
   1864.6145756741464     
   1677.3787056734916     
   1421.3988997943125     
   2316.7282220182151     
   1403.1202130284128     
   1468.4341310357063     
   867.21298856093972     
   1546.8930260762622     
   2284.5394284262511     
   2246.1283658500956     
   1775.9217080345895     
   2661.0487833265584     
   2268.6547591468084     
   2244.0830590924006     
   2490.3481653547992     
   2237.0305622872588     
   1664.4153590225419     
   1626.7070532011535     
   825.32120158016630     
  0.21642072563346740     
  0.63501354582458325     
   846.64733516612830     
   1092.1528304288929     
   1393.3146529878240     
   1535.7978356647052     
   1913.9944146105215     
   2675.4402879162130     
   3093.4135081192148     
   2428.9000968233813     
   2263.2742395605014     
   3002.4343808389094     
   2732.6386306799745     
   1981.1157160434209     
   1371.6129688746014     
   2496.4586220959977     
   1697.0236770675479     
   1927.7658712336859     
   1750.0095998658710     
   1396.2022560405935     
   2179.7004621368815     
   2454.0442787374923     
   2458.5486677514350     
   3189.9360472343692     
   3068.6411424342455     
   2464.1913865352926     
   1984.8028523978567     
   1117.7263127757255     
   805.24447207696790     
   522.65318527927252     
   642.47603363151882     
  0.64764475247292741     
  0.19491440108718233     
   519.75489732077131     
   731.80115337184247     
   877.28916997729527     
   1727.5415324702881     
   2062.3970466240694     
   1730.7058473469508     
   2696.9853306814875     
   3178.5867834966689     
   2852.3198001224264     
   3333.3299534779353     
   2627.6416915305717     
   1986.1282948554583     
   1910.4130553282539     
   2567.4691743821072     
   2572.2842655919194     
   2388.5644572254259     
   1813.0363021367330     
   1589.3507959386495     
   2311.5828221982829     
   2894.3572765139256     
   3042.8133751102500     
   3157.5606466492959     
   2431.6293741128998     
   2179.8795335407990     
   1651.8255322422929     
   2040.2809003556983     
   1727.1620611717958     
   1335.9475163602433     
   691.48652984760349     
   5.6057447725972154E-002
  0.37725438719208126     
   505.47604065056674     
   958.80855233656666     
   1123.1460986281190     
   1000.6802037408348     
   1125.5021791728079     
   2070.4033426116830     
   2076.2442131457847     
   2734.0094382894440     
   3269.9237352310970     
   3509.0943170281248     
   2708.7693350726231     
   2835.8600358225967     
   1888.3469727826002     
   2845.5408384658322     
   3111.7689910809977     
   2869.3460292982886     
   1780.0558496145800     
   1958.7826787691693     
   2102.6328832742656     
   3140.2043291518808     
   3641.2252280014109     
   3421.0571832966061     
   3214.6319746430549     
   2913.9212950662086     
   2612.0118406232114     
   2151.9393520098870     
   1458.2557464613390     
   1156.4804153145569     
   1015.9049848150175     
  0.69853764813562769     
  0.35876467618740138     
   664.16476869413123     
   903.14161308004213     
   1556.7531239647560     
   1497.0233169602720     
   1553.2513442645436     
   1561.1106434731726     
   1804.4342844828245     
   2253.6417034994511     
   2764.8774521451846     
   3564.4724905426528     
   3792.7781832585638     
   2885.7006836777423     
   2260.2377467741931     
   3175.7786070479251     
   3179.2202372031206     
   2317.6517937436197     
   1740.7126978822512     
   2567.0476707464791     
   2693.8970044235070     
   3552.3358044874381     
   2737.5514591410870     
   2251.3476472973921     
   2476.3931232360419     
   1789.9392875604210     
   1721.1377748399491     
   1653.7583902734148     
   1603.7747532589849     
   1292.0913303987656     
   980.48323891854841     
  0.77871823935663254     
  0.21439383427931769     
   705.28904477820242     
   1107.5613445986955     
   1947.8051697831750     
   2227.1518904831801     
   2315.9932841763657     
   2072.8366356858469     
   2143.0166831741067     
   1981.9430744134920     
   2269.3191329741767     
   2741.1014535466334     
   3341.6318129870738     
   3586.3305880793382     
   2587.0541756293137     
   3702.7826320849254     
   2835.4355383063021     
   2109.2201248569813     
   1996.9652065092926     
   2847.0423529185546     
   3417.5555563180114     
   3335.6362060657470     
   3156.5408946801058     
   2418.5849665784112     
   2020.8308087923347     
   1416.6224142280730     
   1411.4360547843364     
   1298.1015855961889     
   874.05121202727548     
   1287.4533648078345     
   1050.9609103807356     
  0.18434977693412150     
  0.48930872816223636     
   694.18413981185108     
   1208.5613084761096     
   1284.9578394282998     
   1633.2454663804897     
   2473.5022624093945     
   2897.7049121036716     
   3000.8230593451653     
   2839.9523515487281     
   3149.1208203460078     
   3380.5266462787840     
   3845.2922322237832     
   3829.5973023478264     
   3020.2471840298917     
   3731.2880580163410     
   2770.9796926161812     
   2391.8491456670704     
   2290.9085358893526     
   3140.4190734326926     
   3835.4729855600494     
   3278.4286009654570     
   3113.2730803695813     
   3166.4003368163690     
   2698.4095989507359     
   2285.3286203855132     
   2225.9163378700182     
   1398.9847110702838     
   903.66023062571787     
   384.93188567878434     
   218.28062728614930     
  0.14081257601236682     
  0.14315271556702605     
   656.04959318024839     
   907.63024257696645     
   1176.4515665904146     
   1412.9653039387370     
   1978.6591552530631     
   2369.9980135994697     
   2476.2958674204192     
   2362.8393368980560     
   2564.6202016095990     
   3447.8130705007875     
   3935.9289746189474     
   4476.0626082018316     
   3688.0695905517359     
   3705.4976172354154     
   3227.5337386907804     
   3105.6553023900019     
   2854.4165675324357     
   3218.3664510753447     
   3579.0582246763283     
   2965.6965909629894     
   2221.3220428255586     
   2404.7059384366626     
   2125.6502871358639     
   1539.4004528701637     
   1948.5893619702590     
   1955.5123570576957     
   1515.5607905681079     
   1156.8866429711122     
   882.89786561332403     
  0.16069996358628391     
  0.58160254049373716     
   538.64305878579034     
   728.65768030761819     
   859.80831376205504     
   852.93812016569859     
   1056.6793136884128     
   1265.3325139222820     
   1981.9979909194851     
   2674.1794209507416     
   3039.5150665763322     
   3466.8514824839149     
   3761.5733951267348     
   3795.5642044730589     
   4117.1489434201403     
   4079.0673571363068     
   3458.1320911052417     
   4321.4485590914110     
   3809.5185538868022     
   4223.1929134873999     
   4063.5537696531615     
   2912.5348849883840     
   2559.9236752345964     
   2429.5710609169450     
   2072.3562510298761     
   1875.9181190336485     
   1099.2701209280829     
   833.30483371959065     
   605.92193474888529     
   731.98441154843988     
   908.94427074338273     
  0.37425130078256480     
  0.39029742773673765     
   125.88088166267914     
   557.27915453148182     
   970.71396477898816     
   1310.0821790374132     
   1764.0966676084690     
   2133.1693168592419     
   2444.1673512995367     
   1883.7531166091067     
   2244.1960991309325     
   2665.7481519107114     
   2989.3518317371995     
   3087.7007579804185     
   3371.0356457472039     
   4704.5259631254075     
   4233.4440749446085     
   4814.8409861538184     
   4302.0609670841004     
   3785.7093570727020     
   3341.3677922834177     
   3534.4046795881804     
   3144.3824073316960     
   2940.2629682037582     
   2967.1512367230011     
   2290.0198648183973     
   1886.2576904162916     
   1347.6377323877682     
   1155.2079500796697     
   1034.8256321774206     
   1104.1508919811311     
  0.58496190157441064     
  0.66231950784951343     
   922.74794794507818     
   818.75922446590323     
   746.46819033826330     
   949.48961884641324     
   1147.0483767017151     
   1304.0288107915067     
   1513.1356167817760     
   1609.4001155437559     
   1976.5152902207421     
   2385.8725220438109     
   2712.0639596603664     
   3284.8766675759503     
   3523.8631101363444     
   3943.7890230608523     
   4791.2871542219737     
   4069.9810593160591     
   3369.9673276817080     
   3108.3537028225123     
   2768.4892986827094     
   2960.0561930363883     
   2322.4975465443167     
   2038.9384891494437     
   2164.8148962263817     
   1569.4285565318655     
   1035.7889314577224     
   1017.1015704647712     
   694.09303861188107     
   708.39762753247192     
   502.02517168966318     
  0.21739469659099719     
  0.72577621818439031     
   593.71122400595652     
   791.89205932534810     
   918.23832131139272     
   1892.6642381191464     
   1586.8554348021614     
   1805.7626315722353     
   2105.1111446894338     
   1663.9494636230786     
   1635.2083960265898     
   1946.2570513780390     
   2579.0747273537618     
   2931.0276609546195     
   3467.8707673550857     
   4250.9575141889864     
   4488.7577396459537     
   4245.8364696704402     
   4078.4448274769652     
   3749.1378812094799     
   2974.8325943965247     
   2380.4556558507252     
   1768.7904291245579     
   2189.9172586700029     
   1666.3595982018519     
   1412.4381964934425     
   1423.3158414248003     
   2053.1865920441828     
   1886.8623242870135     
   1405.7693393895047     
   1103.1662115955521     
  0.42155472742770767     
  0.83438125922024542     
   824.37452802317478     
   1005.9788035899061     
   1787.9521576286393     
   1463.3793407016628     
   1807.5852245496924     
   2487.6284376498788     
   2916.8336411716505     
   2249.4165321973896     
   2117.6457252804880     
   2554.2459060947008     
   3166.4051307481400     
   3736.1142387852742     
   3795.4856785758247     
   3571.2581785048642     
   3797.0378586366260     
   3830.5137971087211     
   3107.6826298457731     
   3942.5543144705161     
   3531.7086791343463     
   2474.1840910209694     
   2544.1866677549910     
   2439.4506762426104     
   2172.4209238497724     
   1881.1342601575341     
   2211.5859482377159     
   1698.9458056713927     
   1143.1574363252068     
   801.08054668664454     
   764.61116310169064     
   1.8874382005141282E-002
   5.6458412843434856E-002
   756.85161486271852     
   1296.8692457865786     
   1548.9838652597653     
   2272.0276816562914     
   2614.2100965025757     
   2505.6297073283658     
   3215.0677498241171     
   3173.7089773626158     
   3036.8736722253375     
   3535.1518041036911     
   3810.6506884027913     
   3014.4009284358549     
   3261.3491230121062     
   3032.6800475339946     
   3318.6467033359913     
   3361.0942841952779     
   2588.4307583108330     
   3172.9749605503134     
   4152.4223328913586     
   3205.4425845171377     
   3447.5734133553910     
   3111.7846609261778     
   3033.9475792019834     
   2937.4958259236810     
   2609.7689570711163     
   2181.1578884297396     
   1233.9125685804643     
   811.92870355708465     
   722.75201510609452     
   2.1347518801751227E-002
  0.63844424072527450     
   726.46445718907194     
   1270.4974843687162     
   1507.3982543473587     
   1755.9323971073409     
   1852.6970052562021     
   2191.3407424503184     
   2492.1905324336981     
   2372.2881756282136     
   3070.6678493285863     
   2995.9370149402516     
   3056.1131398592411     
   2474.6811864815941     
   2599.0555479108448     
   2578.2621116034384     
   3458.8010858772432     
   2589.4878907404723     
   2375.7047587443039     
   3268.4543887605373     
   3432.3312098568749     
   3145.2380643614733     
   2850.8899262805835     
   2410.4754074535308     
   1945.1498233426041     
   2007.9321978606047     
   2212.4267673523796     
   1840.8837259641014     
   1922.8522211178886     
   1507.3530353358196     
   1211.4489085306766     
  0.63491730467056717     
  0.38287504318031962     
   736.64493536101691     
   418.25459484451397     
   597.64189362606771     
   848.42615749489198     
   1050.2717303337749     
   1290.0980719728529     
   1683.4681837188207     
   2517.5628204782251     
   3060.7714953085324     
   2414.6441111500135     
   3238.3959249041309     
   2527.6485416756741     
   1754.9608616130611     
   2900.7520999007438     
   3165.5985174743050     
   2400.5829669550135     
   2305.9881991726656     
   3256.3724592021331     
   2801.6439024645979     
   3150.7285422337191     
   2304.3121170508603     
   1852.3897319914124     
   1541.6401716760477     
   1651.4592704652814     
   1569.3732258638606     
   1050.3436312729248     
   993.34626892786730     
   1014.0972945199212     
   1003.7775350633339     
  0.23462314963587672     
  0.17891922153070447     
   467.66794830533291     
   944.10806331107108     
   1357.4641550246915     
   1647.6394719740922     
   1884.6564657641832     
   1784.9174880531980     
   2529.7245861955766     
   2865.0159308295201     
   2682.0723135104167     
   1951.8995687549523     
   2597.0494635115706     
   2171.1849854631596     
   1847.6976757928710     
   2802.2420972590007     
   2583.6767273310538     
   2378.2610448140613     
   2276.5067160811659     
   2863.5219876780016     
   2348.8640797813787     
   3510.9613234746857     
   3096.4068370065024     
   2787.6416627144199     
   1941.2881531463161     
   1477.3283369563496     
   1258.4375499677276     
   1014.5565974099451     
   844.85905891121865     
   683.26078217942415     
   194.12954012309598     
  0.93956371922221860     
   7.1624512830520778E-002
   621.40577786937911     
   1417.6115630612983     
   1477.1011425285785     
   1808.9793537849168     
   2149.9015006730710     
   2727.4093072173177     
   3005.8487208116758     
   2165.4315529889791     
   2033.1292869700258     
   1817.6604357840879     
   1938.1311191378124     
   1533.7948037325646     
   1749.1748577480687     
   2775.5203771468432     
   1998.3611067241570     
   2100.0887893118838     
   2076.8068249891662     
   2600.7572840418152     
   2120.3788198029815     
   3063.6566336213973     
   2291.5885936586751     
   2618.3600037501042     
   2520.7960325432332     
   1782.8705391095009     
   1984.6425158628674     
   1802.6420683789859     
   1107.4565163947057     
   1183.7158661856304     
   985.37938689092232     
  0.50556145358108862     
  0.54365586800368726     
   212.07861977279617     
   627.84053198698564     
   1069.4137557493136     
   1405.9472373882591     
   1761.0300271175518     
   2458.6381236561479     
   2918.9443391289260     
   2263.7966660470634     
   1379.5787705693317     
   1423.9466864138599     
   923.35975574509655     
   1689.4914182872808     
   2452.7634287161409     
   2646.5415259096417     
   1943.3146118735363     
   1186.8841365322016     
   1992.5440142905577     
   2150.1689275304830     
   1802.8431769177676     
   2771.6868172209356     
   2165.4810556258881     
   1814.0640670624487     
   2227.0716165157933     
   2897.7959672950660     
   3024.3674189058152     
   2283.9842450069259     
   1437.8275893979023     
   1185.4437720683738     
   427.57558083033308     
  0.61098273171371376     
  0.53442727728988260     
   807.87164567180537     
   1364.1997591343707     
   1862.8142627907223     
   1889.1314286637628     
   2583.1119898620968     
   2397.5263139608242     
   2115.4833019192342     
   2418.0438793648768     
   2089.3474347486608     
   1037.8083952710717     
   1252.6589960944796     
   1914.0202680690757     
   2496.8495921958843     
   1960.3218705142567     
   2004.5848924275238     
   1268.9270384542729     
   1397.6040959807381     
   1991.5798775642736     
   1672.5754721512058     
   2092.7723660436982     
   1871.2180457833751     
   1494.8598180371930     
   2082.1369022959043     
   2184.7768526165833     
   2245.7730220897374     
   2212.8871149796937     
   1473.3371638109079     
   1136.6155209729677     
   786.10306324175042     
  0.78052973440526319     
  0.92378736951788309     
   328.62599251676153     
   810.53880644619130     
   1689.7127065274087     
   2221.3109861589537     
   2173.4393425766893     
   1682.1757377681272     
   1652.2594931086853     
   2441.1649421135644     
   1830.9008571342827     
   700.02042982678677     
   1198.3716364042614     
   1875.4715048238254     
   2067.1444955674287     
   1467.6108636857950     
   2068.0569103929788     
   1403.7095412223273     
   1201.0088462896163     
   1905.6567128435952     
   1048.3443731442583     
   1601.3292618201967     
   1592.0166957532388     
   1163.5734331504659     
   2063.3877050563228     
   2045.5363480855017     
   1543.1151148018180     
   2010.0123211080072     
   1683.6355846594377     
   1419.5250281748808     
   914.45026214668985     
  0.85546736380853750     
  0.56798756515879345     
   503.15456666238157     
   1371.1414874118054     
   1777.4718678419083     
   2333.3890471833038     
   1784.4968153136101     
   1415.7386068186763     
   1303.1903437296355     
   1937.2671803064397     
   1685.8402537823476     
   649.43313600235922     
   733.67994150648155     
   1500.0294652706214     
   2206.5029066952052     
   1168.2995233395220     
   1465.0415108981470     
   827.79342368436767     
   1140.5498957590437     
   1339.5881822128608     
   752.76512514570254     
   1755.7768182369841     
   945.31081087545124     
   1219.6368805422730     
   1582.7705588093004     
   1867.9667526170274     
   1133.8953851303227     
   1162.4270766350055     
   2221.1560135423347     
   1617.3909061576462     
   973.57539911279059     
  0.36916639936181034     
  0.63822940747429691     
   852.18350624349534     
   1575.8654440244454     
   1135.0050757853628     
   1508.7807261240910     
   1023.4046878672150     
   1271.4332213261425     
   766.80040601563712     
   1676.6031520287686     
   925.94010358253411     
   541.41418418215028     
   857.43944628782970     
   1239.7616727335881     
   1709.0468786720687     
   842.80319935238788     
   1224.9324768342510     
   561.19368254916947     
   1156.0948472284620     
   777.75179851669179     
   1078.3537674414561     
   1546.7268731641511     
   621.03638821795300     
   935.21464445101913     
   1159.5730797027736     
   1586.6618943631984     
   833.28796281920086     
   1099.6059379076182     
   1516.0298085252841     
   1786.7722396837696     
   1059.7907535828792     
  0.63096594739570755     
  0.18244182183857555     
   929.09609934465698     
   1128.4726565004089     
   731.10698727107513     
   990.37322774370386     
   551.30157715178268     
   932.98032921747028     
   941.08869430002278     
   1212.3274829984377     
   499.90739524940045     
   466.09725353754595     
   817.16583721013433     
   577.17018759388338     
   1123.4005361131335     
   676.99112103305993     
   951.95972964910879     
   448.06690066592347     
   1044.3820341156070     
   247.31800523916772     
   1165.5428779875003     
   1137.7445668020703     
   475.40683645495045     
   890.93862152053862     
   746.24200599024414     
   1176.1554375149562     
   558.65448852522911     
   938.20488795794392     
   1025.9341585225950     
   928.58433647349045     
   1098.8793647651278     
  0.43935079282355383     
  0.92772820345399398     
  0.67473666699321866     
  0.56184091566617578     
  0.71200883081334521     
  0.40373539112527973     
   9.7747859591429287E-002
  0.52224164788839011     
  0.17648850524455353     
  0.68429536274980174     
  0.12512857828089707     
  0.45687654545390538     
  0.97859070838643369     
  0.36392169814247072     
  0.38361634151292812     
   8.5367409731830907E-002
  0.48884113707313437     
  0.17327500208576652     
   6.7188271394027457E-002
  0.43216638986569184     
   4.1255282957519263E-002
  0.91571385416318707     
  0.33321334666492225     
  0.60236468485719574     
   9.3366712992509607E-002
   7.3085390429265817E-002
  0.34435399886059787     
   6.9972232800325260E-002
  0.61605509899471289     
  0.24641804763020231     
  0.27864055456512488     
  0.71626640017804410     
