  0.99755959009261719     
  0.74791603757811442     
   7.3750076366523740E-002
  0.34223240266120120     
  0.38676720862717301     
   1.6140682154597189E-002
  0.32303077263118596     
  0.96853568765264719     
  0.45687713294606613     
  0.75544260870378377     
  0.65822912053203386     
  0.97866086506688932     
  0.55087202586138362     
  0.97775313472619274     
  0.40246600221185602     
  0.67453414984975679     
  0.11585954880385911     
  0.73112626913715195     
  0.42151121859723689     
  0.99037731511894256     
  0.73402368711228305     
  0.70617965782182990     
   6.1731207343765374E-002
  0.13757322862872240     
  0.30381763759237251     
  0.50366454853843112     
  0.10128623191285495     
  0.79291369079405949     
  0.95354650575145949     
  0.59678065982964812     
  0.10057339249283215     
  0.55444870804951574     
   910.71398946213935     
   848.55927573929159     
   454.29235514736069     
   757.89895739704923     
   593.67527492461920     
   756.16270830463554     
   947.61208331001069     
   169.02872838032448     
   757.95065308841333     
   840.56036035946295     
   550.93563651023487     
   801.49958433178722     
   477.96775360659302     
   519.59194425972498     
   898.86100174446949     
   724.23261605346897     
   760.67306603321379     
   878.27221522280149     
   785.22267723900768     
   454.65421006277501     
   663.99850421229007     
   909.49227887869085     
   375.02905104238783     
   205.59675087891574     
   913.71167775853382     
   649.59560822040737     
   910.03164458138963     
   449.49701268757298     
   934.89166822060292     
   8.5516517991423763E-002
  0.61328656873478060     
   733.33022762332985     
   1384.5064066934819     
   1096.4100844550210     
   1659.7941995224442     
   830.60146731796408     
   1117.0304089606950     
   1148.8199281050627     
   338.47759204617029     
   1263.5895600588910     
   1375.7597658257935     
   498.76335768254648     
   1180.5343810604006     
   326.32891467752762     
   1148.5529840084739     
   1374.9849081884463     
   680.52301683404858     
   883.01503038684621     
   1512.0382145188064     
   1318.8982375856667     
   433.43719230976961     
   1422.9641668375218     
   1197.3323555032805     
   1175.9239352376976     
   818.21924891995468     
   978.63053725464147     
   1295.4423991465105     
   1404.5469983773962     
   1085.2733458084347     
   885.94785446556398     
   9.2815404260263759E-002
  0.36604068767323372     
   699.50906761903434     
   981.49636270125256     
   1875.4438598636830     
   1547.3517515398405     
   1074.5464061989426     
   1404.7223054526514     
   1410.0790055548478     
   516.15013633397473     
   1148.5142060477733     
   1498.3617760999889     
   748.91200170884565     
   1126.1295954073630     
   691.81735990629704     
   1447.6290175820816     
   1704.9764498434686     
   758.16741535778260     
   875.37992798724918     
   1700.2122887550820     
   1200.9912358591262     
   697.87950760173339     
   1473.6625738302305     
   1562.6260131173131     
   1725.5373924621267     
   731.78324563581532     
   1034.9365135042228     
   1777.7340495207291     
   1841.3195288404668     
   1538.2572350623659     
   725.63656748630399     
  0.39499741435888985     
  0.89108810184862264     
   491.82434691279997     
   1207.0059048561363     
   2135.5763659045715     
   2102.4163093632110     
   2021.6394636857849     
   1697.5057412625667     
   1645.7833542509097     
   837.92879334587042     
   1140.9845358906155     
   1949.1049018273006     
   1123.5549038116426     
   1438.5030062519220     
   1019.2514079713784     
   2245.6187759964687     
   1485.7989769984688     
   854.98345460791268     
   1059.5393989654558     
   1618.1004044919439     
   1731.7802550268098     
   1284.8584235630392     
   1578.4167283726606     
   2354.8211602246047     
   1891.4635803153235     
   1298.0984825547812     
   2196.9529553480065     
   2497.2410943422410     
   1993.5715378452521     
   1354.9116763784702     
   793.22653021316250     
  0.48526495091719030     
  0.37892155993030485     
   693.33856105586779     
   895.77063182710515     
   1558.4230801201227     
   2118.4722713348883     
   2516.1122242175666     
   2379.9297493042668     
   1374.8031190563665     
   1756.1411533271555     
   1168.5041804433431     
   2258.3402816104076     
   1434.3220624601129     
   1560.9230308978708     
   1299.3885108295628     
   2245.8127078499570     
   1474.6651524522827     
   736.16837062289335     
   1383.8673637654124     
   2071.3849918425863     
   2242.7757943004331     
   1944.4489422753572     
   1618.2737373395955     
   2235.6023726221592     
   2144.4723427145200     
   1618.1326613201566     
   2607.4721021317337     
   2084.9498000849940     
   1245.5139551818565     
   1150.8977716507191     
   1093.7998002728200     
  0.83466540817174983     
  0.46430244579409546     
   815.27665884251576     
   1067.2075195207119     
   1238.7328223991312     
   1294.2560786528827     
   1791.7955839943386     
   2641.9583647505733     
   1857.1301465232202     
   1855.5211141511484     
   1995.7394856734959     
   2489.6628254042030     
   1779.6911500762440     
   1710.6038154120788     
   1450.3324850918361     
   2342.7009184698309     
   1406.7580981608230     
   1475.3401490249942     
   873.50941657918668     
   1576.7110159144145     
   2339.7220984177802     
   2236.0429907738521     
   1768.8829498900259     
   2662.9486052651555     
   2280.0041504397691     
   2252.2286977666540     
   2503.3085316098054     
   2244.4171473327924     
   1666.4922729944610     
   1628.2089726306369     
   825.13677274391841     
  0.21642072563346740     
  0.63501354582458325     
   846.03927758280815     
   1090.8868707550180     
   1391.7255628006808     
   1527.3393967662882     
   1884.0315931683776     
   2650.6074143620631     
   3088.7028446326917     
   2375.1403240041718     
   2253.5713522209080     
   2902.1011028398552     
   2654.9545879353245     
   2032.6496267440548     
   1406.4303417809847     
   2566.5547675252501     
   1700.0499960510324     
   1932.5850795648685     
   1768.6697566494568     
   1409.7927112525203     
   2270.4833290259107     
   2409.7992707110661     
   2445.8547046530116     
   3198.7703953080636     
   3060.9233004084590     
   2469.7333880995261     
   1993.1578335808263     
   1125.7550381983824     
   810.55451764543182     
   525.55524349535358     
   643.97467473075801     
  0.64764475247292741     
  0.19491440108718233     
   519.81317945298213     
   732.55579434183301     
   878.83159127970339     
   1733.7984758533671     
   2085.8035918702876     
   1766.1627235101798     
   2786.1842683735722     
   3150.5866167334416     
   2826.7664010021863     
   3118.8547633457479     
   2719.0255557557207     
   2044.2527822291795     
   1954.4076665388661     
   2622.4618411925007     
   2584.6787550133145     
   2397.4119453722665     
   1837.3713183806703     
   1607.8470911772779     
   2304.1947005541979     
   2871.1202590673552     
   3015.9090481091630     
   3146.2594493909523     
   2434.6475428704043     
   2188.7263333668070     
   1677.8447963347808     
   2048.1499153183272     
   1763.4289195169149     
   1341.1001950634354     
   689.74173562615920     
   5.6057447725972154E-002
  0.37725438719208126     
   505.41053686660217     
   965.34953267119954     
   1126.2196883382810     
   1003.2792659946167     
   1131.5039211730525     
   2089.2858096456589     
   2098.1184736896453     
   2783.0414538742607     
   3301.0098363015450     
   3622.1704076298906     
   2742.6999857989790     
   2910.1149331134025     
   1937.0519499486179     
   2909.1459436351720     
   3072.4243527926174     
   2884.5352920699297     
   1802.7719582802163     
   1990.9552250296838     
   2048.6980990371453     
   3269.8960752892576     
   3597.1043529246244     
   3438.2043052768099     
   3209.4426892934002     
   2960.1758127814423     
   2574.7604466730131     
   2000.0985376554493     
   1395.0531443819364     
   1134.1768289049480     
   1005.1628982077430     
  0.69853764813562769     
  0.35876467618740138     
   666.22478857506655     
   889.38788967700668     
   1499.0999225425658     
   1507.4178919166209     
   1562.4337585082303     
   1569.5249909453739     
   1812.0528397356277     
   2275.2897435622963     
   2800.9274066176172     
   3587.6144449493099     
   3851.8528183185408     
   2959.4700057621503     
   2324.3461485391326     
   3246.8433697596333     
   3260.4443325416992     
   2387.0601081263981     
   1764.3749365363753     
   2631.8753835235912     
   2789.7174291405358     
   3533.7718870210579     
   2733.0640941325864     
   2257.6753354852731     
   2472.8586279909614     
   1807.2496621090920     
   1739.6866263958150     
   1656.6570266184751     
   1570.2470456275569     
   1270.9508083266001     
   970.37281321384467     
  0.77871823935663254     
  0.21439383427931769     
   705.72703486136209     
   1106.2742867368654     
   1930.7934046981584     
   2196.0000896700049     
   2339.4541684649994     
   2117.0539476545841     
   2154.5342961938113     
   1980.9354718217271     
   2269.6822233464313     
   2732.0743181045536     
   3313.8841229982731     
   3692.4699112727799     
   2670.0432934727878     
   3792.1016732021644     
   2905.3681198349332     
   2143.0679308951248     
   2030.2027179184051     
   2928.1393587971870     
   3514.4901617511950     
   3316.2231503428261     
   3152.8984644180077     
   2423.7227655445731     
   2029.7586495031971     
   1425.8422242756101     
   1419.5041383985633     
   1303.7437128296951     
   877.03898739301110     
   1289.4115268956300     
   1050.9546292886403     
  0.18434977693412150     
  0.48930872816223636     
   690.13523802181328     
   1193.7255311305455     
   1262.7748384929582     
   1593.5108789226229     
   2397.8503722430096     
   2788.1879238599599     
   3043.1817235863164     
   2845.7327530608572     
   3165.6246323342179     
   3366.9510702282400     
   3792.5961983737925     
   4083.4477303668587     
   3132.5799007487794     
   3816.9511056268361     
   2816.5714455955926     
   2440.3152850781162     
   2338.2687550720857     
   3263.6889188650075     
   3873.6571164359930     
   3300.2240096979544     
   3130.7631445369693     
   3173.9929994616705     
   2715.3034317090596     
   2298.4608360354005     
   2235.5109883410205     
   1403.4582844222477     
   905.03875297598347     
   385.97425034112098     
   218.81064959973639     
  0.14081257601236682     
  0.14315271556702605     
   650.14463336033566     
   894.63899249055464     
   1154.1813277627421     
   1355.4665403126053     
   1913.0846040876847     
   2433.8695829156595     
   2578.6411080865914     
   2390.0653579301111     
   2594.0741123322869     
   3492.7049357554474     
   4042.9457448823664     
   4467.4354778441912     
   3811.0287646323395     
   3709.8469819083584     
   3323.2869376550721     
   3192.1879866252730     
   2932.6565858394838     
   3320.4473114126181     
   3579.9774339065962     
   2975.6048719807050     
   2212.7842017972007     
   2409.3517972731374     
   2181.0780555538413     
   1514.8270305908140     
   1948.9841098134518     
   1963.4680058072811     
   1512.2013380270330     
   1156.2315662616650     
   882.07006298892088     
  0.16069996358628391     
  0.58160254049373716     
   539.80243193485251     
   731.19537778237498     
   864.03512941466727     
   859.91533242615401     
   1065.8228751550103     
   1278.2115374094412     
   2005.2691190558330     
   2713.7504547536450     
   3097.3646559640101     
   3522.6708168021873     
   3913.6943975603026     
   3859.6980700885574     
   4245.6692547884995     
   4170.3021128441369     
   3568.3857435342620     
   4300.6229738026477     
   3913.7641694486879     
   4324.0119901085982     
   4031.3945606131138     
   2918.8028495761723     
   2547.9535437803656     
   2428.3307893393367     
   2084.8681903876241     
   1875.8082488339519     
   1090.7431399853169     
   824.83347291510245     
   599.59279527955266     
   728.33594808027260     
   907.85447863495119     
  0.37425130078256480     
  0.39029742773673765     
   127.44480832139733     
   560.11452097876429     
   977.17322593443032     
   1321.2551452363555     
   1782.3207382825685     
   2159.4012970383292     
   2480.2017107736970     
   1917.8111404299061     
   2291.6097310756668     
   2738.2862789975611     
   3107.4778942675875     
   3183.3449573178727     
   3499.5628989094994     
   4680.0074590681061     
   4307.3439424318485     
   4766.0914500161261     
   4394.0751549771057     
   3866.5143890852833     
   3457.1260105631955     
   3564.1565046061264     
   3233.2304911623114     
   3076.4216225358086     
   2990.4172520476659     
   2302.3502075188017     
   1890.8321548079982     
   1360.1058748122564     
   1163.6385239589772     
   1040.7203122982814     
   1105.6576305666804     
  0.58496190157441064     
  0.66231950784951343     
   924.35719382967397     
   890.20180976559766     
   752.51411564160423     
   958.85959526744045     
   1159.4609857881846     
   1320.1206999197902     
   1534.3811118738254     
   1633.8326567666147     
   2012.9418520794866     
   2442.4083652106351     
   2788.8566239540955     
   3391.6162882940080     
   3624.3701675133934     
   4038.0727953815563     
   4740.9631469878386     
   4179.3537897426659     
   3487.9284112945147     
   3162.0110027879341     
   2846.5218734749624     
   3041.0247037607037     
   2384.3668960775199     
   2090.9966916257868     
   2239.8945330017418     
   1565.8797213694356     
   1041.6934769371774     
   1032.5333833844152     
   703.69880199751731     
   714.75434163915338     
   505.30257994839548     
  0.21739469659099719     
  0.72577621818439031     
   585.68789035748091     
   771.14240760938230     
   874.32253686957961     
   1898.3935070524717     
   1617.2377938009736     
   1857.3775292115010     
   2148.7401765711875     
   1692.5112254365145     
   1663.6603579196030     
   1982.3769539899970     
   2639.0820697746030     
   3010.9551522182119     
   3568.3405011204959     
   4305.3144820936750     
   4487.0855556398255     
   4284.6613375445313     
   4143.8047993250984     
   3848.9587724804010     
   3057.5399118489017     
   2419.9540488546136     
   1809.2909244042294     
   2242.5165839969818     
   1673.4759079219691     
   1450.9365483990957     
   1471.7325045377424     
   2077.6468619736406     
   1849.0793022397338     
   1402.1062390440261     
   1103.2284509504229     
  0.42155472742770767     
  0.83438125922024542     
   817.40250167270676     
   995.43297067829201     
   1741.6330296871906     
   1383.4470693162536     
   1697.0554016251863     
   2502.8321121436129     
   3002.5213696098835     
   2398.8813842597101     
   2196.5741784912143     
   2625.5789120591630     
   3256.5622442705444     
   3809.1564685863818     
   3854.2298289727137     
   3647.3800309971448     
   3867.8499881321959     
   3898.2927856005863     
   3175.0875215410933     
   4008.3749323639449     
   3617.9725796687799     
   2588.0497041852050     
   2637.2608261543473     
   2594.6015526324518     
   2242.0982536238967     
   2114.2878576944195     
   2271.1963381668302     
   1549.5359920187618     
   1061.2369809859345     
   748.44922871514200     
   738.34677251737924     
   1.8874382005141282E-002
   5.6458412843434856E-002
   755.59748873022579     
   1283.6433600319413     
   1522.0993222937784     
   2168.7272826711082     
   2515.8489583670125     
   2343.4480888992944     
   2942.6443970426976     
   3315.4587404440895     
   3297.5258698498510     
   3673.6362755635510     
   3878.7373852750711     
   3077.3387365586996     
   3328.7449055694383     
   3101.6019445182360     
   3393.5235966709843     
   3427.0735565579766     
   2632.7541304638285     
   3253.4105233430896     
   4230.2781469248112     
   3416.7644324349735     
   3513.6151921616829     
   3022.2848751171114     
   3139.2929409679818     
   2845.9102382672813     
   2402.2638832945991     
   2089.8641445070498     
   1183.5030287009959     
   789.96186241270652     
   712.69354264478022     
   2.1347518801751227E-002
  0.63844424072527450     
   725.46333349518636     
   1260.0925076051583     
   1511.4008496155618     
   1782.0491968669407     
   1887.2368082007649     
   2227.4041549688204     
   2557.5146388346734     
   2366.1228932521367     
   2979.1548686557212     
   3076.7863005845475     
   3134.9822239925488     
   2523.1404645137063     
   2650.4337684908378     
   2631.8531610654481     
   3528.6544656003875     
   2644.2213420978856     
   2414.1137962377024     
   3389.1662600872201     
   3347.1845255770072     
   3154.8331654336675     
   2849.8093583138498     
   2405.4836547329883     
   1948.7123626171065     
   2096.1314006880225     
   2284.3721573400840     
   1947.0596859405246     
   1903.1091107273937     
   1492.2108781034569     
   1207.7222243270805     
  0.63491730467056717     
  0.38287504318031962     
   739.27093963019547     
   423.53061366630067     
   604.11205854785601     
   855.62767801210839     
   1058.8341148147649     
   1299.7346250359881     
   1689.7969034926446     
   2523.9992144178646     
   3161.6868047625512     
   2465.5135250986277     
   3308.2323292494571     
   2569.5440676598769     
   1781.8892880459032     
   3000.5104802139545     
   3056.7260781601731     
   2465.9762442559440     
   2338.2846047420635     
   3321.2723731226838     
   2767.0092215240529     
   3169.8230432829487     
   2315.6282722726687     
   1858.4154116020918     
   1544.1670614997577     
   1675.3263179310416     
   1583.3395242578445     
   1075.3691049529239     
   997.78731713619368     
   1016.2812846055903     
   1003.5117807466340     
  0.23462314963587672     
  0.17891922153070447     
   561.55707203092231     
   1046.9405654281773     
   1371.0547561200694     
   1659.9710249613727     
   1898.6643540158873     
   1804.9765916455151     
   2547.2116005363796     
   2887.5842893402964     
   2737.9973747478052     
   1984.2324420141074     
   2646.0531807907209     
   2205.5908047350949     
   1876.7475375453455     
   2892.4462637178322     
   2550.5397918077733     
   2398.3601801497880     
   2306.2742678344207     
   2868.1713388154894     
   2330.4249863263672     
   3499.8916430979857     
   3082.2903792392854     
   2823.1191771481717     
   1957.6638853798863     
   1483.6007570175739     
   1270.7065307430300     
   1024.2357800638949     
   853.28169951600455     
   683.19959730451274     
   194.74461228195884     
  0.93956371922221860     
   7.1624512830520778E-002
   567.91778247135471     
   1309.5572838838639     
   1569.8394416556789     
   1835.0874269079923     
   2168.9718539466712     
   2780.2870138695394     
   3131.4098706978552     
   2144.0663516248928     
   2075.3780545293075     
   1847.1488926297127     
   1967.2024772989685     
   1554.6376595636416     
   1779.4096936363528     
   2785.7552452375062     
   1985.6720418062564     
   2115.4408836731945     
   2091.5847448033383     
   2606.5397799170491     
   2112.3881547251444     
   3073.9966602419950     
   2300.1671897477468     
   2623.5626512120816     
   2575.9449094663178     
   1789.0694762828211     
   2078.6456460910795     
   1688.1569479852949     
   1050.2292979743149     
   1185.5582533473432     
   985.92538810309861     
  0.50556145358108862     
  0.54365586800368726     
   213.34889029020241     
   632.17695220420694     
   1082.0354514739988     
   1421.6458790426270     
   1811.9959708414449     
   2479.9277990274572     
   2838.3164373033183     
   2416.9712533890847     
   1426.3126050750748     
   1442.9185578253280     
   935.07500559233608     
   1740.9111944902013     
   2587.1373290626198     
   2561.4003365834660     
   2068.3454807519570     
   1186.4804682742806     
   2010.9856870450071     
   2146.0446183624827     
   1811.2474900296618     
   2654.0527059459382     
   2181.0734232961327     
   1822.2630872694549     
   2244.1743854757483     
   2911.4995350076756     
   3010.0887209168341     
   2274.4986128250875     
   1436.5020261511181     
   1184.9975844247272     
   427.56138035248978     
  0.61098273171371376     
  0.53442727728988260     
   808.25985089659753     
   1367.4859366302096     
   1855.6735828847820     
   1911.6881855996328     
   2605.1915057516276     
   2316.0560052828746     
   2087.9982075030784     
   2296.9352015174172     
   2140.0911085480761     
   1050.7927664811918     
   1266.6452173133016     
   1902.4374700653764     
   2457.2376011866763     
   1902.6063226746890     
   2029.5186074474282     
   1272.8210158416503     
   1402.7118196670310     
   1993.4328261327996     
   1668.3080665002003     
   2033.8085149017838     
   1869.4387781194334     
   1500.1861448136476     
   2156.9342632922558     
   2209.4818862718653     
   2254.3676510929154     
   2211.6619020116673     
   1473.0419418967679     
   1136.5084789055641     
   786.06313445812327     
  0.78052973440526319     
  0.92378736951788309     
   330.15563921232962     
   811.85669302862084     
   1688.0106548841820     
   2216.0449874803176     
   2191.8774975420110     
   1677.1168711063312     
   1630.4319019375685     
   2411.1730702155564     
   1888.7166473808761     
   707.00554239109943     
   1212.6531176414871     
   1914.6087913186529     
   2033.4912254871660     
   1439.9280761715977     
   2038.4426910797531     
   1412.0493464508786     
   1204.7314787867379     
   1908.4603532348935     
   1045.2592143323645     
   1569.4387199140901     
   1590.2164542994153     
   1178.4488718171212     
   2091.4245352317985     
   2057.0961467773805     
   1557.7631146544850     
   2015.8762663115544     
   1683.6820138676342     
   1417.9657511400981     
   913.43498238470977     
  0.85546736380853750     
  0.56798756515879345     
   503.10785225912366     
   1369.7076008812537     
   1773.2091133729461     
   2324.0329250124523     
   1691.2102093573826     
   1423.2638046964769     
   1297.0923193057781     
   1853.2128479926885     
   1645.2291097859425     
   656.17996979672341     
   769.15974078199042     
   1647.6190942130711     
   2174.0683666357008     
   1152.3365893778448     
   1446.7844298110815     
   827.91831439616590     
   1140.2575448922062     
   1337.0538365126788     
   750.08541497069791     
   1787.1830023978919     
   945.73706679679572     
   1222.0108267419807     
   1529.9955539345774     
   1864.5003851209374     
   1143.4688912975403     
   1193.7729054746380     
   2203.3688950216788     
   1612.8719470550595     
   972.98162136773522     
  0.36916639936181034     
  0.63822940747429691     
   852.02972623614471     
   1574.7120802418249     
   1134.6038128908642     
   1503.8407337978799     
   1031.2068473942827     
   1265.0060032327945     
   761.40004951424351     
   1646.2264934851403     
   899.46878408041755     
   545.69384345934827     
   869.98667407007611     
   1262.7958703085926     
   1698.4241095442503     
   834.99858171461233     
   1216.8785145283116     
   561.43454990428927     
   1157.8329091711885     
   776.59189415817366     
   1076.6840397029835     
   1546.2540089081976     
   621.58368745238852     
   934.78017424699431     
   1127.6669945456827     
   1569.7228061763290     
   839.56866827796364     
   1105.2603743687760     
   1495.6809278491116     
   1784.5398065537017     
   1059.6539784235629     
  0.63096594739570755     
  0.18244182183857555     
   929.01422489740958     
   1128.2291771488806     
   731.03009200821930     
   986.58918963359349     
   542.92570121013830     
   930.08833144813491     
   938.73550929847909     
   1207.9099885313292     
   490.74337344009467     
   471.52116774626279     
   822.74673199134531     
   543.68741373197611     
   1118.1974004163569     
   673.70342822538601     
   948.61319665045835     
   448.23267065258051     
   1047.2762793055397     
   246.22585522709082     
   1164.8387493957393     
   1136.8477683116600     
   475.53755399135889     
   890.34119102553177     
   731.08626144836114     
   1174.2327264156004     
   562.21158974286016     
   939.82947145781145     
   1021.8274889473953     
   928.34967201698908     
   1098.7882733998088     
  0.43935079282355383     
  0.92772820345399398     
  0.67473666699321866     
  0.56184091566617578     
  0.71200883081334521     
  0.40373539112527973     
   9.7747859591429287E-002
  0.52224164788839011     
  0.17648850524455353     
  0.68429536274980174     
  0.12512857828089707     
  0.45687654545390538     
  0.97859070838643369     
  0.36392169814247072     
  0.38361634151292812     
   8.5367409731830907E-002
  0.48884113707313437     
  0.17327500208576652     
   6.7188271394027457E-002
  0.43216638986569184     
   4.1255282957519263E-002
  0.91571385416318707     
  0.33321334666492225     
  0.60236468485719574     
   9.3366712992509607E-002
   7.3085390429265817E-002
  0.34435399886059787     
   6.9972232800325260E-002
  0.61605509899471289     
  0.24641804763020231     
  0.27864055456512488     
  0.71626640017804410     
