  0.99755959009261719     
  0.74791603757811442     
   7.3750076366523740E-002
  0.34223240266120120     
  0.38676720862717301     
   1.6140682154597189E-002
  0.32303077263118596     
  0.96853568765264719     
  0.45687713294606613     
  0.75544260870378377     
  0.65822912053203386     
  0.97866086506688932     
  0.55087202586138362     
  0.97775313472619274     
  0.40246600221185602     
  0.67453414984975679     
  0.11585954880385911     
  0.73112626913715195     
  0.42151121859723689     
  0.99037731511894256     
  0.73402368711228305     
  0.70617965782182990     
   6.1731207343765374E-002
  0.13757322862872240     
  0.30381763759237251     
  0.50366454853843112     
  0.10128623191285495     
  0.79291369079405949     
  0.95354650575145949     
  0.59678065982964812     
  0.10057339249283215     
  0.55444870804951574     
   908.94968389209441     
   846.52692216277467     
   440.33938164646946     
   758.19173241100509     
   597.17401331256781     
   739.70806804448023     
   944.52608100313648     
   168.37866417368815     
   735.70750278175115     
   826.42878813128323     
   541.15906022046931     
   806.51336212130286     
   485.10617239096905     
   500.27684416027773     
   879.52735033587919     
   726.74716705817355     
   760.60212159812022     
   852.90899792296011     
   753.14860330489273     
   453.40555241747751     
   663.20255357802330     
   905.20187021042591     
   343.66266360752303     
   209.32927199169586     
   913.40645878935595     
   648.31884935141750     
   907.72829538516066     
   449.17550669726506     
   932.77638955805867     
   8.5516517991423763E-002
  0.61328656873478060     
   731.09895927664923     
   1367.2198564086759     
   1078.5756537017680     
   1640.0382398029765     
   843.00624654517264     
   1119.8928353409597     
   1230.1954729536274     
   337.16929500899278     
   1246.6639296837966     
   1365.5912878911640     
   475.79493954113406     
   1205.7495025957851     
   340.41200690231130     
   914.83894312973848     
   1135.2382632660401     
   769.35176634984782     
   903.45665909380602     
   1381.4162254746757     
   1131.6065727812136     
   430.07824903745035     
   1413.9114880083732     
   1114.0824186392244     
   1121.5434975498156     
   829.86042035901232     
   987.44106246983836     
   1280.8664921536465     
   1390.5500356267848     
   1080.2120364644986     
   883.09170945578933     
   9.2815404260263759E-002
  0.36604068767323372     
   694.10937530166950     
   984.71090341638535     
   1798.8990186805938     
   1596.6060188212564     
   1092.5613980537223     
   1432.3260607796065     
   1412.7524578080165     
   514.24792356296098     
   1211.8326666543117     
   1487.7792813084138     
   710.94827436683943     
   1175.7535496391181     
   726.69062313184918     
   1084.3884841674667     
   1579.8892385684555     
   801.25335094326374     
   903.78636881805767     
   1769.1926672814022     
   1236.1229340173563     
   695.47742483286663     
   1415.8795260648333     
   1435.0659561181037     
   1547.4757134933682     
   745.84558486991011     
   1046.2402080601273     
   1756.4670608009747     
   1806.3747894222481     
   1522.7290806172393     
   724.38775334968875     
  0.39499741435888985     
  0.89108810184862264     
   491.22325413284386     
   1197.6683485065296     
   2047.7047148024678     
   2095.5021011408517     
   2005.6641068260910     
   1697.9196337569178     
   1646.1352065807168     
   835.94931733867350     
   1137.2770863965400     
   1908.9681535635691     
   1050.4308959074758     
   1521.9438815580329     
   1131.7111213756291     
   1654.7357826325338     
   1780.1330795007295     
   891.79068747561689     
   1095.6728969874398     
   1748.9712759381241     
   1742.6935772209699     
   1293.4356856474687     
   1613.2679542741621     
   2132.7254117531111     
   2025.5913639079067     
   1343.7399329163545     
   2146.8958336363048     
   2398.7656442393113     
   1965.0690053082535     
   1336.8018423827175     
   785.41365157936673     
  0.48526495091719030     
  0.37892155993030485     
   688.44903231010301     
   874.47836300008214     
   1495.2722766170468     
   2138.2394802928247     
   2442.0388450661708     
   2328.2283512052836     
   1376.6817889661411     
   1757.0371488807054     
   1159.5956683432587     
   2234.5083853706451     
   1332.8859857270397     
   1757.1544671774834     
   1409.4980896855232     
   2238.7604620217230     
   1609.6783648676553     
   758.59898376323758     
   1455.7371899310824     
   2111.9405222202613     
   2165.1534545101867     
   1961.5412128116213     
   1652.9779188055047     
   2455.6947019107974     
   2193.8582527355807     
   1664.6122422808389     
   2556.8424602860086     
   2113.7278907243808     
   1214.2818260600563     
   1131.8103844344330     
   1080.3112992212614     
  0.83466540817174983     
  0.46430244579409546     
   812.50908094412443     
   1007.4029774116451     
   1248.1937505360022     
   1287.9432993299592     
   1781.1309231052905     
   2556.7064131351513     
   1858.9150370339707     
   1839.3733072912225     
   1988.0779338818052     
   2438.5673957152235     
   1645.2536739500320     
   2002.3935459264433     
   1566.8043605889484     
   2510.7603871599172     
   1507.3617855001949     
   1564.0663488763328     
   913.89468350729783     
   1783.2566863104132     
   2525.1430750470286     
   2262.9765293317428     
   1790.1870578764315     
   2661.1264989433271     
   2296.1802706353819     
   2250.5659681608104     
   2510.2585212270023     
   2266.6175465606289     
   1669.5800718265912     
   1630.7626779462703     
   822.40729775781642     
  0.21642072563346740     
  0.63501354582458325     
   845.33317369806082     
   1090.7628216062569     
   1393.7991042526608     
   1505.8311765882750     
   1805.0769452813552     
   2446.0909358467752     
   2937.5417795680214     
   2341.7471685761029     
   2184.9216989864440     
   2725.9543288242044     
   2486.1815767457920     
   2255.4422095527589     
   1533.3317052251441     
   2700.9366054467282     
   1788.3589163841918     
   2044.0073678309591     
   1940.3384931409389     
   1527.6517730124681     
   2411.0012094661870     
   2310.4471637326747     
   2448.3490885122246     
   3031.2693664454214     
   2917.5364885636377     
   2447.4876478159949     
   2011.0563012525486     
   1135.5122774458418     
   817.85464324572797     
   530.13270932051421     
   645.30323320398134     
  0.64764475247292741     
  0.19491440108718233     
   523.36291421067187     
   742.05497662364360     
   893.90328478168749     
   1769.4635149849717     
   2163.0245761876358     
   1850.4364981899371     
   2789.3790634957336     
   3000.4814176372206     
   2647.8981315291953     
   2792.6411026929886     
   2849.3171400060137     
   2229.9830263085619     
   2156.6395730857384     
   2792.1629898547944     
   2684.3551757584546     
   2432.1949138494520     
   2038.4703833070982     
   1766.2695200135456     
   2604.3256538995233     
   2711.8694415669675     
   2890.4292950254107     
   2986.7847112703562     
   2409.1807508995139     
   2182.8495674188944     
   1720.6018680127131     
   2053.4729358330510     
   1776.0551963598780     
   1391.7660027579318     
   677.42370598201785     
   5.6057447725972154E-002
  0.37725438719208126     
   506.69579917063510     
   1058.1270690003910     
   1149.6629614676547     
   1027.6672213456070     
   1168.8220717397166     
   2164.8491659549059     
   2243.0248057674462     
   2845.5251868895375     
   3184.0346798345986     
   3269.5303642928288     
   2919.2004113249518     
   3071.3354436607460     
   2148.2192577817004     
   2989.0007544576151     
   3018.4285403008175     
   2921.2620760328487     
   2009.4976280664134     
   2254.7957741246610     
   2367.5077539022277     
   3141.7649035575155     
   3244.0581689969363     
   3276.8938752897261     
   2949.7415776197818     
   2829.2127495373516     
   2416.2660023307571     
   1916.0444652776114     
   1335.9680170440952     
   1114.3508287218740     
   982.92401024172852     
  0.69853764813562769     
  0.35876467618740138     
   689.28004385232316     
   798.31221190512792     
   1281.5659326724233     
   1734.5138727235387     
   1629.2534029057183     
   1633.2150876138455     
   1890.5536214356318     
   2380.4285417758001     
   2866.2084854960058     
   3351.0830802660016     
   3438.9417127997954     
   3119.4840167332754     
   2595.0721598307005     
   3165.0110024983765     
   3317.5051584443959     
   2712.1513371475412     
   1965.0932556679736     
   2916.5827270921918     
   3056.0433625776877     
   3275.5811870309785     
   2725.7385381508107     
   2326.0617197087299     
   2490.4132079843066     
   1959.0921612072914     
   1878.6735744387584     
   1677.0517185894134     
   1536.9666879964998     
   1249.2417604837181     
   938.91472187054717     
  0.77871823935663254     
  0.21439383427931769     
   707.48572899612668     
   1081.0772647326503     
   1828.4252316777138     
   2149.1523451991043     
   2466.0559166234466     
   2292.3530652890913     
   2241.2112529115479     
   2064.9063220916773     
   2368.1646492229338     
   2819.3054165435055     
   3227.3362625317081     
   3446.5697474326980     
   2960.3651703206615     
   3477.8711407922915     
   3145.2510954987729     
   2432.1798873640037     
   2305.6509029696936     
   3167.3251269094467     
   3423.1106514828939     
   3093.7791771614475     
   3049.7888810348454     
   2438.2114065396095     
   2078.9633154742237     
   1451.2943903919090     
   1453.1004087022175     
   1325.9037055746710     
   905.45542498311147     
   1325.0034917967560     
   1045.2263693593156     
  0.18434977693412150     
  0.48930872816223636     
   679.59815488360914     
   1165.6885263766260     
   1235.1554458506885     
   1539.9763948576717     
   2274.1296361452437     
   2447.3840014583293     
   3017.2748997320746     
   2863.6176411466326     
   3004.7099872907797     
   3224.5576173628897     
   3421.4493197643501     
   3540.2266816821898     
   3305.9354634440392     
   3509.5454936268134     
   3053.2041873065937     
   2774.5552095013554     
   2691.3213746852589     
   3342.6122086468213     
   3478.3359377841371     
   3248.7051799322680     
   3156.0541170362339     
   3071.7563863291170     
   2739.3314382175809     
   2354.6657489804561     
   2219.2990618235244     
   1471.5006373677109     
   892.04188713067390     
   388.00551542479548     
   219.78425634487013     
  0.14081257601236682     
  0.14315271556702605     
   638.02795170033028     
   870.61008725498561     
   1116.5052747816512     
   1245.4038431472372     
   1746.4933889169058     
   2356.9263958367737     
   2741.4569731076535     
   2472.9502783626708     
   2782.8483285874304     
   3346.3996786802013     
   3507.1244431768346     
   3573.8368817210676     
   3534.1537913539419     
   3452.7208699067364     
   3388.7816308108127     
   3316.8204935893596     
   3223.5395399397285     
   3380.1631187406729     
   3392.0496801673185     
   3044.2022588117138     
   2339.8229465858367     
   2538.5566558618243     
   2298.0005010659420     
   1549.5231844730888     
   2015.2609908640682     
   2065.6364045327400     
   1490.7819576746542     
   1165.8333445138187     
   885.97651291796319     
  0.16069996358628391     
  0.58160254049373716     
   545.33736470787358     
   741.77467582730901     
   884.63736121623651     
   887.67309875414605     
   1107.0912597278616     
   1336.6452576586862     
   2132.9480370308165     
   2834.4094105842537     
   3157.8932688457244     
   3377.5535646075405     
   3501.1210317293317     
   3530.7823544642101     
   3577.4829023605525     
   3567.4835345014253     
   3494.6651197082624     
   3557.3038652732648     
   3553.2381828711068     
   3574.5322769666968     
   3512.4143501155354     
   3024.4139443641284     
   2638.1642322951220     
   2483.0722119373950     
   2187.8608929934935     
   1977.2777291575856     
   1108.2316108641360     
   831.74096283771405     
   601.96834242042894     
   733.54625488323313     
   908.44789723638939     
  0.37425130078256480     
  0.39029742773673765     
   131.40193105481265     
   570.30669335563539     
   1021.7693294952038     
   1407.7943583437943     
   1909.3113506520535     
   2314.6840256824917     
   2621.1896887669363     
   2232.9733504527935     
   2539.9613460807855     
   2960.3219775969760     
   3274.7923491633032     
   3341.7488979796422     
   3470.2564323734196     
   3593.2466811100780     
   3586.5389955877113     
   3596.7700669025080     
   3577.4914748105261     
   3511.5887415840784     
   3432.0078137176638     
   3382.2608246163322     
   3299.7073196049973     
   3088.1253369228893     
   3008.8292664584978     
   2436.4332830607309     
   1966.0165632713765     
   1438.1673833665841     
   1215.0834704651361     
   1068.9258192825732     
   1105.7781159789654     
  0.58496190157441064     
  0.66231950784951343     
   957.94038239173756     
   914.72836111746062     
   784.27313666226792     
   1012.0510965919743     
   1238.2936089581904     
   1430.2214829143491     
   1692.0991711681224     
   1822.2464837397531     
   2295.2057501056433     
   2757.2359970732400     
   3101.5581065049278     
   3409.3210229264655     
   3468.7419574859759     
   3549.9991143955212     
   3594.6625893578580     
   3582.9673534420140     
   3462.5507253285609     
   3284.6406361572190     
   3126.3047314978708     
   3195.3869141912805     
   2664.6804802580095     
   2375.4853114558946     
   2518.5316452020575     
   1650.1303273138089     
   1087.8499970488092     
   1084.5699425893072     
   729.94780447304174     
   732.15270166802827     
   518.03088477997301     
  0.21739469659099719     
  0.72577621818439031     
   566.61312584651603     
   725.81233868645256     
   780.57722908942628     
   1845.7489479365695     
   1916.1273378336073     
   2135.0413173165794     
   2461.4448995134767     
   1907.1841866963407     
   1860.9491013430354     
   2260.2429134528838     
   2911.0752877343220     
   3236.7986372961273     
   3471.5374291655012     
   3567.5401955637781     
   3583.3656414522716     
   3571.4335846848467     
   3556.0942377625147     
   3514.7956963072215     
   3220.2308002732302     
   2716.7990107720020     
   2035.1067081480517     
   2518.9036658002187     
   1833.9609877108069     
   1606.9252466118710     
   1623.8820248761824     
   2168.5497577168835     
   1804.7219201786288     
   1397.2533606864554     
   1089.2731966951212     
  0.42155472742770767     
  0.83438125922024542     
   802.67372362966046     
   975.20275693677058     
   1662.6364810455345     
   1226.1958819210488     
   1487.7006202001921     
   2274.9906016178106     
   2817.4066194189422     
   2883.5011788615489     
   2675.0578115011490     
   2937.7609671359751     
   3371.4623115237796     
   3467.4269207969560     
   3461.3872867091250     
   3463.2118746099941     
   3509.4407078097961     
   3521.8441080996768     
   3303.9168788944066     
   3533.7426873434201     
   3425.6458794971199     
   2961.6739616330783     
   2926.5965510388896     
   2849.0248360680671     
   2762.0597205829640     
   2571.8801125146547     
   2070.9621231122392     
   1375.6579683945372     
   960.61187793940417     
   686.37883868137703     
   705.97858067288746     
   1.8874382005141282E-002
   5.6458412843434856E-002
   749.82186572270678     
   1235.0999674166471     
   1433.6379487564964     
   1959.0215062279619     
   2342.2145568804767     
   2044.6029891780797     
   2554.3231300362540     
   2813.8393729688701     
   3252.4991164764424     
   3492.4773248636029     
   3488.5831221668159     
   3140.5473604585959     
   3297.1006241179298     
   3234.2041410138277     
   3362.5509043695347     
   3359.9379757294382     
   2916.9429572589365     
   3370.8740590780244     
   3541.3964633568326     
   3419.5309421254979     
   3283.1986911240033     
   2940.8345310552509     
   3179.8549081399456     
   2494.4619740037328     
   2163.4130743351921     
   1905.6353558103910     
   1072.5958146595181     
   726.20805841295794     
   685.17847009593402     
   2.1347518801751227E-002
  0.63844424072527450     
   720.74835584817049     
   1222.1209755521290     
   1518.8953909358552     
   1860.7635755597012     
   2001.6754717165743     
   2286.4307645143740     
   2653.0944964950636     
   2427.9408289451994     
   2827.2489839384857     
   3218.3035519321074     
   3233.6237084893401     
   2761.7722050084794     
   2787.4756087860883     
   2824.6808920807134     
   3298.3132951350763     
   2975.3351101284052     
   2701.7488660159361     
   3399.8736386986175     
   3175.5805585023195     
   3105.6384005166933     
   2892.8483714097360     
   2476.0156673338242     
   2138.0717752727937     
   2368.3253026201824     
   2390.9460008760288     
   2080.2733746630715     
   1801.1923151105884     
   1437.0020735699468     
   1170.7393596867928     
  0.63491730467056717     
  0.38287504318031962     
   743.09111535608088     
   432.58980168100402     
   619.44287460102225     
   879.56600650044027     
   1087.6586519650923     
   1330.8331874065270     
   1717.8953557341547     
   2560.9639503266994     
   3106.3586232199491     
   2727.4390430534700     
   3250.1334140117269     
   2765.3224739569850     
   1947.1241981998157     
   3118.9631866027216     
   2900.9594652257956     
   2803.4033424343261     
   2599.0872898956686     
   3277.3966071931682     
   2776.3517690889425     
   3113.3185029972815     
   2438.6652439314448     
   1943.9501757415992     
   1610.1584133346619     
   1795.9569328321493     
   1654.7464685120838     
   1138.8700328760747     
   1036.8821199996466     
   1041.7209485067031     
   981.27495729736518     
  0.23462314963587672     
  0.17891922153070447     
   555.61469470753548     
   1074.0853145214010     
   1528.6852056931643     
   1724.7134015529091     
   1941.6492993046165     
   1937.8999125883674     
   2582.7404243742499     
   2881.3801801854634     
   2926.7908790664196     
   2219.7837607251381     
   2808.7850982098057     
   2412.4166213627118     
   2057.0042280238608     
   3027.4949795788530     
   2558.7222336984719     
   2578.0039862257395     
   2500.8377213436984     
   2880.5529798384168     
   2381.2544205681656     
   3207.1367393922878     
   2929.8986662162620     
   2845.0956477398986     
   2060.0101036995211     
   1537.2285940708803     
   1318.6024356009113     
   1084.8158110809152     
   841.59235620315781     
   689.75739244199463     
   197.14782409828914     
  0.93956371922221860     
   7.1624512830520778E-002
   552.61442404056208     
   1165.2042518832627     
   1564.7104311007977     
   2023.4919162431020     
   2213.8197157893801     
   2740.0762573580114     
   3087.3764457934140     
   2425.7599802760260     
   2286.1894780098728     
   2026.2071998816753     
   2138.1142375848340     
   1671.1468085237893     
   1987.7787281971130     
   2878.0038380219203     
   2060.6757803158375     
   2306.6378418736708     
   2135.0528318123247     
   2677.8200039621856     
   2208.2773989068346     
   2953.7578383966288     
   2284.5909557092591     
   2590.5931997782445     
   2665.9834803093559     
   2064.4627578434888     
   2234.9708948468397     
   1542.3610605006893     
   987.58010268025851     
   1174.5286679262485     
   981.66450943048710     
  0.50556145358108862     
  0.54365586800368726     
   223.72538297547993     
   650.23550728413875     
   1121.9840631788322     
   1370.1531439099422     
   1852.5545963682243     
   2449.2896988882876     
   2569.5397218974817     
   2662.7478185684595     
   1631.6146814133770     
   1521.6163911764684     
   989.83926380602441     
   1962.9198437850673     
   2744.7737237626411     
   2241.9625523251862     
   2247.1248006117207     
   1224.1146444924200     
   2150.4769193895486     
   2171.3002564389963     
   1874.9663317008030     
   2319.5600362588671     
   2190.8948655506565     
   1825.3099625548773     
   2409.6732991832905     
   2796.1189605613631     
   2695.5065434834187     
   2198.4028942910663     
   1415.8667860271039     
   1173.3409437295741     
   426.71485963618915     
  0.61098273171371376     
  0.53442727728988260     
   774.37097155268498     
   1379.1788200483873     
   1753.3786307280043     
   2030.6174681514624     
   2588.5686965680065     
   2254.2660569955724     
   2027.1294478496936     
   2162.3306436328148     
   2318.5728246829599     
   1109.5922815661866     
   1322.9647772410124     
   2004.5397423420836     
   2204.6882891563055     
   1735.0842171908889     
   2175.7862910406652     
   1326.8781109938520     
   1477.2179132539720     
   2065.2571285025956     
   1708.7400980024465     
   1890.7711663842031     
   1860.4655123143207     
   1517.6949421655024     
   2350.8862570919546     
   2180.4150625733241     
   2218.7654897453663     
   2180.8185620276495     
   1470.4101303062150     
   1137.0372700226696     
   787.39983214837764     
  0.78052973440526319     
  0.92378736951788309     
   324.48912592407174     
   788.37252173690274     
   1675.6874860437235     
   2110.0114694480048     
   2333.6787884522996     
   1664.5326624057921     
   1598.9132008458089     
   2179.2181023037956     
   2108.4464655681277     
   763.03924677484190     
   1314.7913699555606     
   2190.9093431763040     
   2036.9630556543495     
   1345.6977017255697     
   1931.0396568376545     
   1505.6770976265284     
   1263.4174303703155     
   1974.6575359509593     
   1043.8942254559754     
   1506.1927426033697     
   1583.8864808225392     
   1201.5547360024016     
   1959.1684329061991     
   2030.5982089454305     
   1560.8575720409101     
   1990.0199035980277     
   1753.0033047113495     
   1407.5968113193437     
   903.13091159668534     
  0.85546736380853750     
  0.56798756515879345     
   502.27245337819761     
   1351.6898742526771     
   1733.2524592098177     
   2246.3267312635612     
   1589.6500689174472     
   1474.9193976112233     
   1306.7436788775367     
   1640.6506255143374     
   1377.9306681281844     
   687.50704887059214     
   939.30549491167164     
   1426.9374929115568     
   2078.8423508448550     
   1105.4865960503848     
   1401.9856745007771     
   857.28106550134544     
   1163.7476001239600     
   1309.6092571590341     
   744.45196452371601     
   1780.6635099882276     
   939.90897227352116     
   1206.3699011885708     
   1393.5347327576746     
   1848.8554968846381     
   1149.7388515767716     
   1232.9897369208636     
   2094.1457504005912     
   1587.2784243654196     
   969.15422955282315     
  0.36916639936181034     
  0.63822940747429691     
   849.02185441188681     
   1554.7031984491641     
   1127.3424780740199     
   1479.6698997566918     
   1036.5620210247464     
   1250.9580985024832     
   757.90920234987345     
   1566.2911777373058     
   778.93324504986902     
   573.60540782967496     
   979.41072061915861     
   1106.2024561315222     
   1646.0323167325269     
   805.45251436226329     
   1200.8959764893873     
   572.15118078466890     
   1190.3380697159344     
   771.85044101225276     
   1081.6130244610320     
   1531.7867828400379     
   619.63802351991387     
   930.72277005254239     
   1085.3225037331893     
   1535.8580967644803     
   843.84727968908737     
   1107.0800571436118     
   1467.1657359847741     
   1759.4660419721363     
   1056.5618931111881     
  0.63096594739570755     
  0.18244182183857555     
   926.99138307076896     
   1122.8226237907029     
   729.26117024813664     
   976.41524811630575     
   528.50714590810799     
   926.18276277909536     
   937.79502692140602     
   1208.6357514620959     
   438.31585986676390     
   479.63275845203032     
   842.66678664137305     
   441.78741092735766     
   1103.9571934995563     
   659.02336116817730     
   943.85016362185195     
   466.16682754754152     
   1106.7269885811370     
   243.84154989915751     
   1159.4110744448396     
   1109.5516316951166     
   474.03355272153561     
   886.89997027654704     
   711.08510224506233     
   1162.7161295632068     
   564.97098530865014     
   940.12890078247506     
   1015.7475706856250     
   924.97302696854786     
   1096.7570494252936     
  0.43935079282355383     
  0.92772820345399398     
  0.67473666699321866     
  0.56184091566617578     
  0.71200883081334521     
  0.40373539112527973     
   9.7747859591429287E-002
  0.52224164788839011     
  0.17648850524455353     
  0.68429536274980174     
  0.12512857828089707     
  0.45687654545390538     
  0.97859070838643369     
  0.36392169814247072     
  0.38361634151292812     
   8.5367409731830907E-002
  0.48884113707313437     
  0.17327500208576652     
   6.7188271394027457E-002
  0.43216638986569184     
   4.1255282957519263E-002
  0.91571385416318707     
  0.33321334666492225     
  0.60236468485719574     
   9.3366712992509607E-002
   7.3085390429265817E-002
  0.34435399886059787     
   6.9972232800325260E-002
  0.61605509899471289     
  0.24641804763020231     
  0.27864055456512488     
  0.71626640017804410     
