  0.99755959009261719     
  0.74791603757811442     
   7.3750076366523740E-002
  0.34223240266120120     
  0.38676720862717301     
   1.6140682154597189E-002
  0.32303077263118596     
  0.96853568765264719     
  0.45687713294606613     
  0.75544260870378377     
  0.65822912053203386     
  0.97866086506688932     
  0.55087202586138362     
  0.97775313472619274     
  0.40246600221185602     
  0.67453414984975679     
  0.11585954880385911     
  0.73112626913715195     
  0.42151121859723689     
  0.99037731511894256     
  0.73402368711228305     
  0.70617965782182990     
   6.1731207343765374E-002
  0.13757322862872240     
  0.30381763759237251     
  0.50366454853843112     
  0.10128623191285495     
  0.79291369079405949     
  0.95354650575145949     
  0.59678065982964812     
  0.10057339249283215     
  0.55444870804951574     
   901.70726581344047     
   839.27917017885454     
   435.54333804370617     
   765.03999248601338     
   591.18738030480688     
   729.22567813780392     
   936.25759338698811     
   168.58969421444701     
   669.75725211703730     
   822.48350559539892     
   539.18758865922439     
   813.39333932006559     
   498.66574863544406     
   479.28645424785753     
   867.41537144535084     
   723.01683923184714     
   770.84601632706858     
   830.57113387002005     
   696.02519619479199     
   452.84906926397679     
   662.30770135847422     
   929.32473156140452     
   328.59958315251168     
   211.78597407672675     
   907.65783330123793     
   641.21997730598366     
   899.18987126549496     
   447.90566588733441     
   924.22464757417526     
   8.5516517991423763E-002
  0.61328656873478060     
   726.32345894591037     
   1333.7759065498594     
   1061.6374916331868     
   1588.9783044257808     
   839.35623793354921     
   1103.3146331628579     
   1198.4435194043092     
   338.43257265419186     
   1249.3222315618864     
   1297.8789729284208     
   467.58725858156856     
   1258.5046998298187     
   361.47792242856696     
   853.41987804950054     
   1064.6812118799783     
   813.50706289973198     
   945.51913375924084     
   1247.0571818748472     
   861.30773196928817     
   434.59017272169882     
   1432.2910295125923     
   1060.4241150842179     
   1088.3947827351715     
   833.53551810456656     
   1007.8508415471977     
   1233.0565620370323     
   1349.4143327868655     
   1064.2534502963938     
   873.31593882097866     
   9.2815404260263759E-002
  0.36604068767323372     
   689.45321076664686     
   969.09652139907655     
   1713.4714236827583     
   1615.5694165069326     
   1088.4293736545881     
   1417.1833008489086     
   1426.9252347547360     
   516.15367039676926     
   1302.1039783505114     
   1567.4263046201236     
   696.55987757579328     
   1256.1318011061510     
   810.22610763491298     
   956.87371935671774     
   1486.2696172030912     
   886.71541379846678     
   969.21303518923253     
   1762.3774277028454     
   1314.8941440016333     
   711.56615296927521     
   1358.9198797504503     
   1363.5202504587512     
   1468.4769022750934     
   756.73587277989918     
   1057.6985808079050     
   1693.4475650709460     
   1726.0697885490783     
   1476.0168515719445     
   719.61458293739224     
  0.39499741435888985     
  0.89108810184862264     
   489.15860423923800     
   1173.3673028441749     
   1916.6404710894317     
   1986.5963870763651     
   1919.0065619722022     
   1650.4631248322478     
   1639.9525763334236     
   840.13601060834401     
   1145.0979018900121     
   1894.4366891861650     
   1034.2821611587749     
   1627.8939960718446     
   1359.7775978832778     
   1429.1864721315387     
   1900.3735233881114     
   980.85956245414980     
   1203.1782902257316     
   1955.0854885292085     
   1820.5758509964835     
   1328.4225070414486     
   1649.8479589330857     
   1907.3792480975158     
   1962.0220948496396     
   1362.3611804263123     
   2020.4024428032590     
   2197.9675722310849     
   1862.8445117990832     
   1306.3784511224437     
   778.04259807221763     
  0.48526495091719030     
  0.37892155993030485     
   682.54484557936894     
   849.47706486583763     
   1433.1662387957890     
   2076.1233431760297     
   2248.6746671909250     
   2169.5937453422048     
   1388.0116782805346     
   1746.6377410650960     
   1165.6902275206151     
   2156.1381534912521     
   1319.9372882257660     
   1875.9693137483553     
   1575.7426724528648     
   1869.0459131466034     
   1854.7841910556083     
   842.00513257717364     
   1614.2730595591083     
   2104.8113901415559     
   2085.5507013121596     
   1968.3104783950712     
   1703.8851306777060     
   2269.4129589279651     
   2177.5346154962276     
   1688.1527671037838     
   2343.1611165115196     
   1985.8768779579520     
   1185.9091699305479     
   1113.1415265727533     
   1059.2646697144894     
  0.83466540817174983     
  0.46430244579409546     
   809.43081484923812     
   1001.6721187659274     
   1252.6305326452832     
   1286.3345590998520     
   1745.2129552468796     
   2335.8497380879180     
   1846.0753647320837     
   1827.5405739082523     
   1961.7308316799251     
   2292.6885666787862     
   1628.6419829788993     
   2109.2443605631320     
   1674.5627667518900     
   2366.8886173924843     
   1729.5506910068789     
   1721.9357132155503     
   1040.6148589315437     
   2011.9187319223763     
   2448.1643927760183     
   2214.1766728530429     
   1827.1876441814143     
   2447.3544090879127     
   2225.2733070495528     
   2150.5569454712122     
   2344.1489540399825     
   2188.2902966728570     
   1671.4984261173956     
   1581.6918110551667     
   855.31784257399647     
  0.21642072563346740     
  0.63501354582458325     
   843.67960013686138     
   1089.5315905680866     
   1390.4551716274477     
   1483.4819719609657     
   1745.0085983623924     
   2252.1804984578571     
   2555.6239923034232     
   2243.9138847414356     
   2118.7376011512870     
   2472.0544373378802     
   2313.2709430805016     
   2338.7960961715899     
   1749.0208410249868     
   2514.2426034701202     
   1955.4357334826680     
   2173.9451735728385     
   2182.6161247930677     
   1861.9618300713298     
   2417.1949891225245     
   2258.8116032584944     
   2352.5744353558202     
   2598.1348330831443     
   2555.6976421886179     
   2328.3549256456527     
   2001.3860925770825     
   1150.1615067619812     
   826.74931187692493     
   535.76933312634503     
   646.12741578129180     
  0.64764475247292741     
  0.19491440108718233     
   528.54412841131716     
   758.04112458614759     
   926.88201307139957     
   1798.3054405563580     
   2166.3597622152861     
   1920.3221796977487     
   2516.3789647078534     
   2591.8011157385276     
   2424.9764117631667     
   2504.3266295456319     
   2571.6372716851788     
   2321.1620057109608     
   2333.8118255928725     
   2582.8469461069722     
   2532.3101106313075     
   2399.8619095908957     
   2276.0163911744426     
   2069.6245048322589     
   2517.1820251618024     
   2489.4710525756609     
   2564.4783297809918     
   2593.0730427500825     
   2314.6654026138413     
   2108.8017571260466     
   1738.3696508901917     
   2027.6687848279737     
   1769.6192476954811     
   1375.7313821713476     
   655.94873767441425     
   5.6057447725972154E-002
  0.37725438719208126     
   508.11496369756418     
   1096.0027572323502     
   1193.7945863353025     
   1076.6686957819456     
   1238.2042611599738     
   2156.0860022433499     
   2250.6803154464847     
   2540.3078704023578     
   2649.1435323619198     
   2655.7564522042162     
   2622.0319247201978     
   2650.6771499227889     
   2353.1761429089565     
   2639.0753051366551     
   2629.4316967326472     
   2602.8034486279685     
   2305.2045931701546     
   2424.3932960135007     
   2497.7348783036455     
   2633.7802136174901     
   2663.4935755716369     
   2665.9145776849200     
   2537.4910511895637     
   2483.3461616814384     
   2249.4343346496607     
   1861.3802994700345     
   1404.2987619077107     
   1237.2035588278661     
   965.28532122467209     
  0.69853764813562769     
  0.35876467618740138     
   668.20437134559290     
   739.29028268898514     
   1157.6262848663935     
   1900.6049381204884     
   1720.9348589953231     
   1743.6727941640122     
   2000.2756877893419     
   2366.8668271871138     
   2590.2119856003387     
   2689.9673861390665     
   2694.7436204003234     
   2670.1910823513281     
   2604.0378430321293     
   2674.8903525310275     
   2694.7177944133027     
   2643.5874056239973     
   2333.3139148030286     
   2647.4957297970427     
   2664.1971767150790     
   2679.0202118201705     
   2541.8199122606788     
   2342.0172687231275     
   2378.6822362245689     
   2044.2747962073011     
   1929.3107640303783     
   1717.3408938980392     
   1537.8351811097418     
   1256.4792739793372     
   896.04863616909688     
  0.77871823935663254     
  0.21439383427931769     
   691.30863624206950     
   1016.9384775126553     
   1663.9727212739642     
   2035.7350414434250     
   2293.4999767367344     
   2294.6158953738013     
   2280.6867418235693     
   2150.1657818057511     
   2388.3169178977359     
   2607.8510351507189     
   2684.7901787774917     
   2698.7940088307728     
   2683.4474375747845     
   2698.8932151296863     
   2688.0459457580869     
   2588.4277061202183     
   2548.5841323900886     
   2681.0717130760900     
   2696.4522589422336     
   2649.2506928369326     
   2629.3608479827290     
   2392.6500103054350     
   2117.4178662143336     
   1523.9787054207266     
   1545.2957149964288     
   1379.4751172895699     
   927.85753736157619     
   1380.9205871736781     
   965.73750494899116     
  0.18434977693412150     
  0.48930872816223636     
   672.85217566020094     
   1152.7125062261621     
   1284.3576409298639     
   1514.6293428457848     
   2139.9159581993190     
   2269.5662791857203     
   2567.8846530599549     
   2581.7013839808778     
   2621.9402979957090     
   2681.4479499467379     
   2696.5137212165159     
   2699.9243062888268     
   2699.4931881733155     
   2700.0748595699984     
   2689.7084995747791     
   2671.3355742482308     
   2656.9351540761950     
   2697.0820360292855     
   2698.8630716989010     
   2683.5960242430533     
   2674.5766168609803     
   2640.5807657363389     
   2518.8687157675176     
   2340.7914873765271     
   2045.9776272496044     
   1499.8400167605132     
   905.81037354845705     
   393.65290192512066     
   221.66550944221692     
  0.14081257601236682     
  0.14315271556702605     
   636.32609325182887     
   868.39445029063165     
   1116.0599866066573     
   1205.9244079163425     
   1669.3029467146691     
   2158.6048823134183     
   2539.2356367154675     
   2476.3198060937907     
   2609.5458737137592     
   2693.2723813281336     
   2699.5279785495504     
   2700.1600771661824     
   2700.1794696451793     
   2699.8015779157031     
   2699.6199186057597     
   2698.8341642664827     
   2696.6021997484504     
   2698.5969945274082     
   2696.8130312351705     
   2663.2697859934560     
   2423.5388004402757     
   2482.8159768227770     
   2381.5683155271654     
   1657.5724927374981     
   2074.7011588290156     
   2046.8441827440024     
   1511.4771079583336     
   1181.6578243371634     
   900.44331884110738     
  0.16069996358628391     
  0.58160254049373716     
   562.39026041676345     
   773.49806947751460     
   943.80240397124805     
   961.02090878494425     
   1216.3469704482136     
   1489.8429141090066     
   2252.4558117454067     
   2584.5686939671727     
   2675.5443392744883     
   2694.5613823621211     
   2699.5026495768589     
   2699.9278132929917     
   2700.1648235930984     
   2700.1644060936965     
   2700.1469015374746     
   2700.1437025843434     
   2700.1977345419386     
   2700.1790334706811     
   2699.7265721458903     
   2666.8434221959114     
   2537.3090086548200     
   2442.6063852155116     
   2278.4644291518216     
   1969.6310831983660     
   1204.3834341150393     
   874.70945948018584     
   623.20506174375669     
   763.27997743767844     
   912.53633062363906     
  0.37425130078256480     
  0.39029742773673765     
   131.29311212588911     
   604.75392713003362     
   1239.3269581996872     
   1628.6487229925615     
   1995.1327552848347     
   2336.7982358990375     
   2491.5133772819186     
   2503.2399237789659     
   2582.5533761108359     
   2672.4420768089249     
   2696.0314331206246     
   2697.9721409818521     
   2700.0596928481796     
   2700.1609180439373     
   2700.1796719098161     
   2700.1926118376259     
   2700.1912827401547     
   2699.8776246444763     
   2698.6751911910742     
   2693.6044325999969     
   2686.0958324313560     
   2650.9190526725224     
   2610.2992554595239     
   2357.0632270757160     
   2046.1031010672448     
   1602.5569536603864     
   1366.4049693927250     
   1128.5326766759902     
   1067.8700668245112     
  0.58496190157441064     
  0.66231950784951343     
   942.81884330554965     
   990.75882828916929     
   893.45267180874055     
   1197.1735696008266     
   1488.3746791543601     
   1729.4678490653801     
   2037.1428015241065     
   2176.6855279912579     
   2498.4449233144996     
   2646.2708042183258     
   2686.7434447377136     
   2698.7904936682626     
   2699.9575366175072     
   2700.1069787684933     
   2700.1426956070691     
   2700.1842530052854     
   2700.0758104688584     
   2697.3367476234757     
   2688.2181402703336     
   2683.1116472194235     
   2583.8977278552588     
   2488.1918544119089     
   2494.8809580086381     
   1823.8036373669256     
   1238.0936006693685     
   1230.3227558690130     
   825.97368848647989     
   754.31724052023253     
   537.92282425034477     
  0.21739469659099719     
  0.72577621818439031     
   559.58676060524886     
   714.73542895873140     
   752.06541004445421     
   1810.8569848444222     
   2087.2141044746550     
   2274.4956998097978     
   2440.6655721943662     
   2299.9799783749004     
   2260.0742332631144     
   2533.5580542362454     
   2681.5679165421107     
   2697.0674110624223     
   2699.7556118064390     
   2700.1033640251840     
   2700.1421140729212     
   2700.1760125087685     
   2700.1061251098035     
   2699.7735740951753     
   2690.3566284939357     
   2627.0961781515875     
   2333.6340419049889     
   2509.1114428574906     
   2088.9085376857906     
   1807.2009322190206     
   1896.3243972220439     
   2113.2462122444745     
   1799.9996551754064     
   1397.8363485570046     
   1005.5361736017674     
  0.42155472742770767     
  0.83438125922024542     
   812.21807419259551     
   971.55340013520731     
   1630.5391416426746     
   1192.8733637115486     
   1451.7661472368216     
   2154.9841463879247     
   2478.4678613531632     
   2603.5166578861877     
   2646.1281470617637     
   2686.3935188742935     
   2698.5988704380247     
   2699.2537353949292     
   2699.0652515792835     
   2699.9465754288067     
   2700.0268695392656     
   2700.0731379594481     
   2697.3575140323860     
   2699.9738868228633     
   2697.7233994193639     
   2667.7245844215881     
   2654.0475350079369     
   2650.4127480891948     
   2589.7735679745006     
   2382.2187728068975     
   1951.1724741405615     
   1335.7443915461856     
   930.65045390943465     
   661.83504729687138     
   696.19581109329488     
   1.8874382005141282E-002
   5.6458412843434856E-002
   738.08660001848079     
   1197.3755358020690     
   1378.3748494237329     
   1841.5366985201010     
   2225.5552496326741     
   1969.5028759755705     
   2365.2541671298682     
   2502.1894200773036     
   2653.9320182075207     
   2698.7125921271022     
   2698.8581506197411     
   2685.3929926376613     
   2694.2292382441710     
   2691.6175967810277     
   2697.2185390335862     
   2697.2490308839206     
   2675.8708475534982     
   2698.3031658706527     
   2699.7863037143288     
   2696.7823394197444     
   2671.2863939570743     
   2629.8394231286243     
   2632.5571477702970     
   2331.5885450982678     
   2064.9772931407974     
   1802.7019796336349     
   1013.0501178440099     
   689.73329406731352     
   670.55276089989627     
   2.1347518801751227E-002
  0.63844424072527450     
   711.80184902935025     
   1197.4253020238309     
   1469.1057749974259     
   1806.5112761972234     
   2056.0592482499078     
   2236.1309396670013     
   2485.1278475016843     
   2384.7146723179817     
   2573.2769466589966     
   2679.5243230910955     
   2689.0207689673248     
   2622.5012110133584     
   2583.6920811209834     
   2649.9093933165564     
   2678.2611986695197     
   2674.3890651878701     
   2633.4416268016607     
   2696.7314732955106     
   2676.5077669143989     
   2647.7464810375614     
   2605.2349038446409     
   2429.8196015698363     
   2260.7156990267749     
   2407.6604502502678     
   2261.3024488803148     
   2109.4702945092349     
   1693.6267369271632     
   1380.4196683473178     
   1122.2179644648181     
  0.63491730467056717     
  0.38287504318031962     
   749.07035170958522     
   440.19851459641876     
   636.85772541967447     
   917.64619352260058     
   1145.9458286418553     
   1414.3689415466079     
   1825.5390433829048     
   2462.6559160069182     
   2647.1264997578414     
   2572.9190100479259     
   2674.8626094012138     
   2591.0059832369993     
   2228.0020721156443     
   2670.1605788274842     
   2587.0870143449329     
   2629.2043766709075     
   2579.4471611789827     
   2676.9176738826518     
   2586.6272810675046     
   2652.0242090227352     
   2430.4930753963790     
   2054.1814794718225     
   1720.9898342109304     
   1909.9929627949623     
   1774.2783544137828     
   1181.5296878541876     
   1099.4790316998638     
   1075.2350883370450     
   933.95120065904723     
  0.23462314963587672     
  0.17891922153070447     
   555.27365854041739     
   1097.3184700139077     
   1599.0578585870601     
   1875.3369757780420     
   1982.1843005774901     
   2081.3294839670930     
   2443.4735941676913     
   2579.0330132252425     
   2603.6580250593665     
   2322.7633484488342     
   2577.8162268823712     
   2458.1011667378039     
   2276.8554469124147     
   2647.1796497256964     
   2422.6895464352042     
   2540.8839667444645     
   2519.6640968679758     
   2592.9985874531521     
   2401.1691679598216     
   2644.4685859792353     
   2563.9056515386615     
   2564.9420109345715     
   2134.3748984208519     
   1579.4431772240823     
   1403.6644602829422     
   1132.8192122457733     
   869.36089879997667     
   705.40349818083860     
   199.64823699422482     
  0.93956371922221860     
   7.1624512830520778E-002
   526.15561825500117     
   1081.8789354639962     
   1412.2680717972034     
   1972.7883148738076     
   2168.8271663345927     
   2453.6354741610303     
   2614.2824929312155     
   2452.7867366838586     
   2335.0522384660653     
   2171.5788708088576     
   2279.4362639042765     
   1917.9523506327785     
   2214.5250161700169     
   2584.7692986837783     
   2147.1760330374891     
   2337.3590804656387     
   2272.5667045707200     
   2511.3417196140499     
   2273.5509229153627     
   2533.2093607339166     
   2225.0044528184981     
   2407.7553854614462     
   2493.4799790610850     
   2236.7539031801366     
   2169.9013620021497     
   1497.5869445018602     
   979.31568349498741     
   1182.9360287161032     
   954.59115415745237     
  0.50556145358108862     
  0.54365586800368726     
   228.00093741410745     
   664.70520587751923     
   1154.3174830140968     
   1417.2461468107306     
   1845.2602972685499     
   2283.1775675532881     
   2338.3715076858375     
   2319.4568676946874     
   1951.5613879997018     
   1667.9853526447312     
   1113.0270750734769     
   2126.0784160887151     
   2527.1854193265704     
   2072.6867322206854     
   2281.5788008387181     
   1355.9773879668107     
   2228.5886440467843     
   2226.5481185946951     
   2010.7469638161022     
   2142.5122668671888     
   2130.5115073467814     
   1845.0079893360000     
   2372.8731117367215     
   2451.3979468092389     
   2399.1290416231586     
   2054.3876295143878     
   1378.5564031084109     
   1150.4597781989216     
   419.20610511611682     
  0.61098273171371376     
  0.53442727728988260     
   711.47971316381825     
   1403.2527084790420     
   1529.7446877976986     
   2078.5093175224333     
   2365.2223808195458     
   2143.5519355836200     
   1953.0443030052668     
   2040.7798677857024     
   2306.9448330163914     
   1232.3075146865929     
   1456.4232115235163     
   2086.9091934820717     
   2076.9929009906909     
   1664.6643464353726     
   2196.4264358575019     
   1471.9240938933881     
   1641.0361677483565     
   2099.1269669959665     
   1808.1811847265687     
   1784.0055983238567     
   1859.9760018041022     
   1538.0646745863701     
   2217.2879503238987     
   2070.0114716863027     
   2101.5034669264423     
   2056.1005530755560     
   1445.8057267843046     
   1126.9043178347099     
   785.52196903438596     
  0.78052973440526319     
  0.92378736951788309     
   318.32394204531926     
   769.17885419838626     
   1638.5065881087203     
   1956.9661916484517     
   2230.5703186185124     
   1618.5610460828902     
   1569.7284432011891     
   1959.3947406770458     
   2090.2378573021224     
   852.95749248033394     
   1444.9644338987462     
   1940.3473959789701     
   1991.0644395861409     
   1305.8130933307152     
   1813.1909147195195     
   1628.3546716446133     
   1368.4460552825424     
   2017.3290969929847     
   1106.7142000694460     
   1475.4629404000145     
   1596.5582923601937     
   1210.9927297610061     
   1865.8212620865763     
   1958.1660062954604     
   1543.2887463381908     
   1904.8436677937957     
   1699.8022744793045     
   1375.3540818944514     
   893.97149284466730     
  0.85546736380853750     
  0.56798756515879345     
   496.92748424880085     
   1292.6926834516742     
   1668.3775028079240     
   2075.5991863166100     
   1504.0531297519713     
   1450.1769841870896     
   1290.9159731697152     
   1520.3385008867597     
   1256.4040540956744     
   753.23176255220983     
   1050.7294416207387     
   1274.6323690769329     
   1919.6467181215860     
   1093.3233055874496     
   1393.5493418814860     
   939.19101115199794     
   1177.3700180691719     
   1326.9829831924721     
   776.55235159239419     
   1786.8833259149637     
   940.33085031393921     
   1172.2915286200400     
   1315.7350925419528     
   1824.8759344562757     
   1149.9383438092609     
   1237.4235616047511     
   1944.3234666722119     
   1537.7359294228634     
   959.55577660379004     
  0.36916639936181034     
  0.63822940747429691     
   839.41961076285509     
   1501.6886054727729     
   1103.9712218310974     
   1432.5348669966493     
   1051.0715251018114     
   1231.2553090086194     
   751.71638996319939     
   1502.7887549857273     
   716.01827782891212     
   645.58559622112978     
   1029.4779448691659     
   1054.3786105651036     
   1556.0936443807784     
   792.39734740212475     
   1199.2458935959851     
   592.46444560177451     
   1255.4565602833727     
   785.48937466297332     
   1121.3136816884582     
   1505.6558797487696     
   634.17601998717430     
   928.98800160021642     
   1059.6726491115510     
   1503.0121192866745     
   842.96299547886179     
   1095.6273089301415     
   1410.3898586563930     
   1687.9311072702842     
   1044.1118236218410     
  0.63096594739570755     
  0.18244182183857555     
   919.09443848167075     
   1104.1850483887083     
   721.83788309371016     
   962.06974428175636     
   517.77256721765173     
   918.79743129548319     
   930.31478723413875     
   1193.4691904504691     
   406.26485014566458     
   492.55247662508475     
   856.16841622523293     
   410.52148117442607     
   1082.4456347537543     
   649.40365764514354     
   937.89505983211723     
   506.89654979119740     
   1105.5537082373949     
   247.75078444039491     
   1149.6007216365308     
   1037.9224820792333     
   472.96426172326983     
   881.70977925426587     
   698.74034085647816     
   1118.0159529493249     
   564.82376714408633     
   935.05856487533083     
   1000.8280655826261     
   913.46509480883049     
   1089.7412763117507     
  0.43935079282355383     
  0.92772820345399398     
  0.67473666699321866     
  0.56184091566617578     
  0.71200883081334521     
  0.40373539112527973     
   9.7747859591429287E-002
  0.52224164788839011     
  0.17648850524455353     
  0.68429536274980174     
  0.12512857828089707     
  0.45687654545390538     
  0.97859070838643369     
  0.36392169814247072     
  0.38361634151292812     
   8.5367409731830907E-002
  0.48884113707313437     
  0.17327500208576652     
   6.7188271394027457E-002
  0.43216638986569184     
   4.1255282957519263E-002
  0.91571385416318707     
  0.33321334666492225     
  0.60236468485719574     
   9.3366712992509607E-002
   7.3085390429265817E-002
  0.34435399886059787     
   6.9972232800325260E-002
  0.61605509899471289     
  0.24641804763020231     
  0.27864055456512488     
  0.71626640017804410     
