  0.99755959009261719     
  0.74791603757811442     
   7.3750076366523740E-002
  0.34223240266120120     
  0.38676720862717301     
   1.6140682154597189E-002
  0.32303077263118596     
  0.96853568765264719     
  0.45687713294606613     
  0.75544260870378377     
  0.65822912053203386     
  0.97866086506688932     
  0.55087202586138362     
  0.97775313472619274     
  0.40246600221185602     
  0.67453414984975679     
  0.11585954880385911     
  0.73112626913715195     
  0.42151121859723689     
  0.99037731511894256     
  0.73402368711228305     
  0.70617965782182990     
   6.1731207343765374E-002
  0.13757322862872240     
  0.30381763759237251     
  0.50366454853843112     
  0.10128623191285495     
  0.79291369079405949     
  0.95354650575145949     
  0.59678065982964812     
  0.10057339249283215     
  0.55444870804951574     
   863.04690121995100     
   804.22483115739817     
   427.24076895086210     
   813.92562561662533     
   570.41486911115703     
   699.85421266721085     
   892.39875177436534     
   169.56699393036479     
   637.21039612042387     
   820.45876713637767     
   550.11819742760770     
   834.00240082280845     
   542.13146756534229     
   454.02534411780454     
   834.22434274258785     
   732.09941984318255     
   773.85931050338911     
   784.50529037955653     
   636.84785388092769     
   459.82121430981744     
   674.46993023652351     
   850.22696021528816     
   314.18850312599272     
   214.13236441039615     
   868.53561714025477     
   624.28915531697987     
   857.36370665106381     
   441.36781474358639     
   881.95640377932841     
   8.5516517991423763E-002
  0.61328656873478060     
   703.18247775667407     
   1211.4359944136731     
   998.44829727233775     
   1403.0483127561988     
   800.97623155432836     
   1069.9001737499409     
   1081.6326954532560     
   343.42765511493559     
   1203.4967314214937     
   1153.9867884988482     
   484.21453686994215     
   1141.1368038639032     
   450.61790572045572     
   814.23465123378321     
   1018.1772673523897     
   887.64136644127518     
   1013.2850715198219     
   1086.9128306413743     
   725.83962053318714     
   468.48433060751393     
   1353.1303944468295     
   983.69385840364953     
   1014.7989121736317     
   832.19261251108981     
   1086.9029689623114     
   1132.7717267044866     
   1225.9583649617427     
   1002.5570157072694     
   832.41380830697733     
   9.2815404260263759E-002
  0.36604068767323372     
   673.03447019366467     
   921.28616542446082     
   1472.6507545554800     
   1484.6672619670617     
   1074.1854976760362     
   1326.7073263986770     
   1380.4505702361798     
   531.59041518725314     
   1375.7027710596897     
   1467.8421028752455     
   737.14042037731247     
   1342.6958286137287     
   951.69704841516193     
   879.38718503032123     
   1335.0991271489340     
   1136.2836501053421     
   1029.9921921319767     
   1515.1392846665844     
   1100.4944342152764     
   778.89608272602288     
   1258.1153084330647     
   1248.2877508439963     
   1334.0923664561299     
   768.42463552832533     
   1046.4169404539621     
   1477.3324058449662     
   1484.1918018921542     
   1314.0716209332898     
   695.20219871490690     
  0.39499741435888985     
  0.89108810184862264     
   477.77679861670788     
   1078.6264075043946     
   1585.5907094056938     
   1650.4536622392357     
   1628.4828739597303     
   1497.6314448008213     
   1511.0193685114073     
   884.31211056752727     
   1222.7762646793185     
   1668.7114679528372     
   1115.1006517254075     
   1577.0683395689532     
   1458.4582776354082     
   1290.0960779552972     
   1668.8888582591794     
   1136.7847467286629     
   1352.3285439937329     
   1701.3895663112919     
   1636.7189370697427     
   1376.4260889849854     
   1608.4027646069283     
   1578.0444710224599     
   1643.0944534650687     
   1358.9879464775981     
   1666.4679691789463     
   1714.9116417056271     
   1576.2222466826959     
   1206.7234540855040     
   757.85596516346902     
  0.48526495091719030     
  0.37892155993030485     
   663.06255597538632     
   806.21418371023572     
   1283.8410684274529     
   1704.0031024726268     
   1746.4706103680473     
   1725.5298323095017     
   1393.7622181914683     
   1567.5932699471073     
   1223.9350805062541     
   1743.3465750473645     
   1399.0156479641653     
   1721.0112323415408     
   1629.3886100099523     
   1591.9202150580536     
   1716.4039996190727     
   1159.1919835848794     
   1640.7800180579522     
   1741.0216364909618     
   1737.3766295221290     
   1715.8527298199253     
   1638.3774953538000     
   1746.2813907010448     
   1733.8961486691514     
   1576.6025156279291     
   1766.7427966342877     
   1654.3548142155416     
   1129.4619469390645     
   1067.3326242579965     
   999.84429506233619     
  0.83466540817174983     
  0.46430244579409546     
   797.78870891231043     
   987.45198946802475     
   1277.5948422927033     
   1254.9884064135738     
   1576.5676581000987     
   1769.6917929896501     
   1660.7426447484038     
   1667.9620350140412     
   1705.5852564034499     
   1774.6685646426204     
   1619.9767445929185     
   1770.1343660090470     
   1703.3052163668667     
   1767.3089399987675     
   1713.2383081096818     
   1690.9137898583799     
   1461.9098505538398     
   1775.4052606995954     
   1789.1654022710297     
   1762.4782603194035     
   1704.4903196829803     
   1790.9291513394444     
   1764.6467033985698     
   1741.9584042611527     
   1780.5156523216301     
   1730.5741685356074     
   1561.6983372167235     
   1273.5690777448795     
   744.96818518368298     
  0.21642072563346740     
  0.63501354582458325     
   835.45232685464055     
   1067.4800588065671     
   1319.1577826347727     
   1399.3737689845723     
   1573.3658271900972     
   1755.4310539040343     
   1796.9847431087819     
   1779.0772931331121     
   1759.9445655427332     
   1795.9931258135759     
   1787.7788997714927     
   1794.9433441200301     
   1763.0721254390048     
   1797.8575636414264     
   1774.7593713620251     
   1792.3528569455439     
   1788.5338710785190     
   1770.7844896361587     
   1797.0538057385286     
   1788.0547829202321     
   1792.4331374626013     
   1799.2350128576154     
   1798.0087260043347     
   1784.2770901675162     
   1728.3956381575649     
   1230.7938529726050     
   878.65029114588106     
   549.16313732606000     
   654.39415987703467     
  0.64764475247292741     
  0.19491440108718233     
   553.47601188791032     
   760.18409030793134     
   1023.8965627376084     
   1634.8182135117374     
   1753.9114512281024     
   1714.8829901341828     
   1797.3483942465261     
   1799.4344960176686     
   1794.6143932535579     
   1798.5481832513954     
   1799.3511718839422     
   1798.0676280163075     
   1798.3629920168692     
   1799.9169297607511     
   1799.7526162429053     
   1799.0221081769682     
   1796.2706368128618     
   1794.2959720767167     
   1799.3666378907449     
   1798.9658332691888     
   1799.6530806932331     
   1799.5338266425913     
   1789.2809120708478     
   1754.5133951386231     
   1657.3925169019180     
   1723.9729259849355     
   1559.8768443154447     
   1205.8739082520258     
   620.35297417618858     
   5.6057447725972154E-002
  0.37725438719208126     
   507.93806531095117     
   1137.7022721669543     
   1251.6976373190319     
   1203.6925555453622     
   1383.0182731389955     
   1751.5092783507037     
   1788.7188226319208     
   1799.0017339030610     
   1800.1161740945629     
   1800.2219055191206     
   1800.2178300715711     
   1800.2065419861938     
   1800.0179282323768     
   1800.2052415809437     
   1800.2257136112462     
   1800.2164122975942     
   1799.8482008998999     
   1799.8186489732088     
   1800.0968211196953     
   1800.2279472101443     
   1800.2233520328425     
   1800.1243045879055     
   1796.8098642200844     
   1792.4755262936762     
   1754.2722959354983     
   1672.3613052049207     
   1469.3741966886064     
   1206.3556575461330     
   938.15167978801708     
  0.69853764813562769     
  0.35876467618740138     
   637.26820639276934     
   674.40602272956414     
   1024.2598871552193     
   1662.7591549415740     
   1674.7610817733034     
   1689.8314389109726     
   1768.2188684889079     
   1796.6416252782112     
   1800.1114285589742     
   1800.2436917087541     
   1800.2170195356809     
   1800.2242858012580     
   1800.2532468530985     
   1800.1988405752541     
   1800.1923741235280     
   1800.1792591853873     
   1800.1768350493398     
   1800.2257813241554     
   1800.2547784995891     
   1800.2494580575371     
   1800.0085338238027     
   1798.3514790589566     
   1796.6241210760363     
   1773.0055651739312     
   1724.7024080083943     
   1627.9338962353229     
   1470.4282211910099     
   1184.1784254549791     
   840.80610017631420     
  0.77871823935663254     
  0.21439383427931769     
   651.18396992564021     
   908.45302899647720     
   1393.3461725619381     
   1650.2218433389755     
   1762.1107103040079     
   1788.6016780081368     
   1793.1162736640110     
   1792.5745253894693     
   1799.8436575035225     
   1800.2242741779992     
   1800.2171803092906     
   1800.2241857771253     
   1800.2320141154837     
   1800.2144323192624     
   1800.1873089081791     
   1800.1736723907006     
   1800.2000126160046     
   1800.2215735485720     
   1800.2310249769450     
   1800.2359297246476     
   1800.1849564189670     
   1798.7336914146804     
   1784.3088351939750     
   1637.8580292920492     
   1640.6998797641211     
   1468.0833121362164     
   1040.0062969674884     
   1315.3762693207043     
   914.13772332088229     
  0.18434977693412150     
  0.48930872816223636     
   662.00680477214883     
   1142.6012992194278     
   1303.9620175198877     
   1455.5384799172259     
   1730.9014255902182     
   1775.9735271571124     
   1798.2870475501054     
   1799.9051238472839     
   1800.1273018979066     
   1800.2370805838345     
   1800.2138522228643     
   1800.2079766107977     
   1800.2274319597589     
   1800.2165105832912     
   1800.2138641218344     
   1800.1967288280809     
   1800.1947724896149     
   1800.1941939304284     
   1800.2307551549072     
   1800.2416028852274     
   1800.2388005681398     
   1800.1310379410249     
   1797.7266642891273     
   1787.5698767275017     
   1694.0191707299382     
   1467.9889681531795     
   982.94436335078922     
   427.76530907368158     
   235.51176445191265     
  0.14081257601236682     
  0.14315271556702605     
   638.32407416151341     
   890.69933450130429     
   1138.9585733528020     
   1219.4647042064530     
   1561.8241528041965     
   1754.9267470972729     
   1797.9647413798559     
   1799.7338681205033     
   1800.1862003995027     
   1800.2498418879284     
   1800.2026632291117     
   1800.1859763790469     
   1800.2012690970698     
   1800.1694996626109     
   1800.1776339611481     
   1800.2064483249433     
   1800.1947877266211     
   1800.1957136142314     
   1800.2245849563467     
   1800.2379538109210     
   1800.2317900750297     
   1799.7027750366758     
   1796.0124863337935     
   1680.9034685742029     
   1758.7636669701919     
   1695.2924221898120     
   1448.4899021478764     
   1118.1164747244425     
   921.81346735971169     
  0.16069996358628391     
  0.58160254049373716     
   602.17580652252445     
   865.06780364975236     
   1148.0778266348993     
   1205.9914971097560     
   1474.5705239638394     
   1662.3043365804440     
   1793.9484403952865     
   1800.0563245617418     
   1800.2159189086076     
   1800.2277454078460     
   1800.1951147452744     
   1800.1977330206178     
   1800.1995789251152     
   1800.1756879333077     
   1800.1843065136447     
   1800.2044478807622     
   1800.2308151129646     
   1800.2210069270334     
   1800.2489961953884     
   1800.2416654438512     
   1800.2476325728273     
   1799.7929923052509     
   1793.7790572428860     
   1730.7954760914452     
   1424.2004071082004     
   1091.6540127223448     
   764.95922103896646     
   864.84631815702380     
   916.25619884149307     
  0.37425130078256480     
  0.39029742773673765     
   187.39703735042181     
   691.14033459736356     
   1331.4620920071673     
   1574.0826525546195     
   1689.1842617102607     
   1787.9581148406583     
   1798.8087962493412     
   1799.9922505259151     
   1800.1846521147477     
   1800.1960764017526     
   1800.1494113258939     
   1800.1456809839119     
   1800.2036587927594     
   1800.2204053600333     
   1800.2158067684986     
   1800.2148078477865     
   1800.2239874044210     
   1800.2331885448348     
   1800.2066022394845     
   1800.1791050212157     
   1800.2081160875982     
   1800.2097318087260     
   1799.7282541809204     
   1785.8386535060672     
   1747.6452827790999     
   1626.8169850568493     
   1438.3165072171896     
   1230.1386925914353     
   862.95446302666267     
  0.58496190157441064     
  0.66231950784951343     
   888.11105978462820     
   1076.9990590837617     
   1118.6911061727560     
   1392.9730360935071     
   1610.5390204758844     
   1703.5786105983468     
   1784.8681135514262     
   1796.8892697850436     
   1800.1303431519752     
   1800.1853618620376     
   1800.1442319599000     
   1800.0984734570191     
   1800.1514800709670     
   1800.1870862513065     
   1800.1912916196015     
   1800.2212266504739     
   1800.2350814169463     
   1800.2252772432012     
   1800.1797476957659     
   1800.1665067846586     
   1800.1883346127538     
   1800.1590836669759     
   1798.7707796370878     
   1734.7696713526975     
   1550.9494224098491     
   1497.3029993368107     
   1160.8091171402230     
   967.88556340218940     
   620.54159714536422     
  0.21739469659099719     
  0.72577621818439031     
   559.36794502676059     
   734.19901107284466     
   783.40276695234331     
   1608.6182582710906     
   1750.4782252232778     
   1778.2896710236284     
   1796.8323816788024     
   1799.5096846047772     
   1800.1666224149396     
   1800.1694351777874     
   1800.1119264866834     
   1800.0952609682854     
   1800.1030597734405     
   1800.1775547947427     
   1800.1973858652752     
   1800.2154142187410     
   1800.2229040569350     
   1800.2372055254011     
   1800.2001662387891     
   1800.1593115587939     
   1800.1535360209393     
   1800.1612780359942     
   1798.4516322716868     
   1775.4023009191787     
   1765.4154553184906     
   1730.6742752622476     
   1577.4812521015917     
   1193.3717142220974     
   848.08424225804060     
  0.42155472742770767     
  0.83438125922024542     
   819.76458588071807     
   973.77863775038554     
   1500.0505069668404     
   1241.2172058362412     
   1467.1756833151649     
   1756.2329126682641     
   1796.5572939307340     
   1799.9256089805863     
   1800.2350115689892     
   1800.1358776215222     
   1800.1016506308833     
   1800.1118906280078     
   1800.1589653746848     
   1800.1949297199512     
   1800.2083558990989     
   1800.2234908478549     
   1800.1790335559167     
   1800.2205525058264     
   1800.2182348205288     
   1800.1773934812518     
   1800.1674292923071     
   1800.1727433620024     
   1799.6894831129810     
   1790.8476495291382     
   1697.3095047110835     
   1381.1429098592907     
   989.50694584392977     
   699.56934082325085     
   715.61044944736796     
   1.8874382005141282E-002
   5.6458412843434856E-002
   696.69095334882195     
   1138.3804161199841     
   1282.4817705011319     
   1589.0851511635765     
   1750.7955056174712     
   1713.8891706744357     
   1792.4320359484025     
   1799.8694774991670     
   1800.2687959042112     
   1800.2059243724289     
   1800.1409157379910     
   1800.1422441597847     
   1800.1706245515199     
   1800.1942743575210     
   1800.2199870514944     
   1800.1954396490203     
   1800.1760473710706     
   1800.1780312453973     
   1800.2053261270112     
   1800.2211530984209     
   1800.2141973906203     
   1800.1888894005729     
   1799.9461605906929     
   1785.8540278645423     
   1735.8091739383926     
   1609.3945667183791     
   1003.4389805852990     
   677.82636283286035     
   670.67559696417493     
   2.1347518801751227E-002
  0.63844424072527450     
   656.38986271756778     
   1140.8706790442693     
   1376.0830103482751     
   1465.1087894531001     
   1721.6692016417248     
   1782.8467238449116     
   1797.5081690042753     
   1798.2173114051352     
   1800.2270772942347     
   1800.2042203110905     
   1800.1698331478917     
   1800.1580580281250     
   1800.1567272933144     
   1800.2093594772766     
   1800.2599250812104     
   1800.2350939720261     
   1800.1886179946127     
   1800.2304036081939     
   1800.2224467088572     
   1800.2155496296000     
   1800.1246222325026     
   1799.0739619067217     
   1797.0510420469084     
   1794.5254604731861     
   1765.6252570145598     
   1740.8157294114790     
   1440.3991555459784     
   1279.6674368185397     
   1029.3048269269509     
  0.63491730467056717     
  0.38287504318031962     
   767.41516344264062     
   497.16026565224809     
   736.76395156385399     
   1089.9877765333201     
   1351.5918004505488     
   1576.3944717831910     
   1749.7447835110584     
   1798.1200708233621     
   1800.1836165869838     
   1800.1928196761228     
   1800.2182934223636     
   1800.1549896292929     
   1799.7878153128700     
   1800.2092994270683     
   1800.2412091574686     
   1800.2350031786004     
   1800.2443267284484     
   1800.2553246875964     
   1800.2112863625966     
   1800.1812550193451     
   1799.1812047985732     
   1788.9373754004257     
   1743.1472282066484     
   1721.0963159362477     
   1686.7957230521695     
   1329.6138428217057     
   1282.2391819707836     
   1136.5793171552846     
   848.67311675483006     
  0.23462314963587672     
  0.17891922153070447     
   572.66411345151744     
   1108.9746143479117     
   1432.1896487494191     
   1683.9605906562940     
   1748.9374877349967     
   1764.8038230223790     
   1796.3142857423597     
   1799.6025289798283     
   1800.0359731677431     
   1797.4539696167099     
   1800.1149846155292     
   1799.9030057636951     
   1799.2704709887500     
   1800.1010873721955     
   1798.6914723026355     
   1799.7703709908365     
   1799.8467221390015     
   1800.0626538244128     
   1799.3656843432957     
   1800.0193640649215     
   1799.2564656750576     
   1799.7273994540001     
   1785.0634692379983     
   1643.0514879087832     
   1536.9191452470993     
   1306.8421093004761     
   994.09130959639629     
   787.55566328886061     
   214.24333063786011     
  0.93956371922221860     
   7.1624512830520778E-002
   496.02889979431905     
   968.60574818086980     
   1259.4847040838686     
   1624.4321484195661     
   1745.5842101342914     
   1783.4808725213588     
   1798.3944091319750     
   1798.1648785468151     
   1794.3452449594217     
   1789.3722245395202     
   1789.8841089968996     
   1789.2346768031498     
   1798.5334229479097     
   1799.4489564959929     
   1786.7240867112591     
   1791.3427137265494     
   1791.0782221786881     
   1798.9009918606309     
   1795.8891321089804     
   1796.2784131411936     
   1783.0541440927111     
   1793.5219815518160     
   1797.9583167273011     
   1789.5674016002554     
   1736.9347779964762     
   1425.7407748569431     
   1004.4823047591567     
   1176.0536463925039     
   848.09130556359776     
  0.50556145358108862     
  0.54365586800368726     
   238.40573241380787     
   658.93997168205749     
   1156.9935611282076     
   1392.5311851303411     
   1633.7594736231301     
   1765.0471979951906     
   1775.5118781760198     
   1756.4720356412599     
   1771.8622330123826     
   1695.3075692989180     
   1523.1034537750079     
   1761.2419230578403     
   1793.8565499148485     
   1744.5341220793828     
   1776.1473185727114     
   1598.6323566321332     
   1773.0628610079557     
   1786.7872674771954     
   1762.8441478516531     
   1749.5085826542384     
   1758.0441019637597     
   1685.2656466054145     
   1790.2373280665897     
   1785.3182862947303     
   1780.6863974039022     
   1665.5665617557852     
   1269.2767105793810     
   1085.7701505790549     
   412.85906323908495     
  0.61098273171371376     
  0.53442727728988260     
   625.21526815649327     
   1278.3220196613750     
   1309.6337675705613     
   1720.0216189940284     
   1771.5713819175962     
   1730.8216062752163     
   1668.3575152233620     
   1708.7662469380150     
   1765.3726174499536     
   1494.7793637551547     
   1593.5607479669300     
   1750.6558257177176     
   1714.2769329989890     
   1588.5229559130976     
   1760.1799664914224     
   1592.1164026158979     
   1634.4146159551735     
   1751.8465820532572     
   1686.5331727913017     
   1636.7121448939552     
   1687.7405803380314     
   1532.1300012259487     
   1741.9829886176774     
   1701.6094524058276     
   1711.8464420949310     
   1681.1319185189579     
   1341.9429646410058     
   1085.1703706145456     
   772.42363680798076     
  0.78052973440526319     
  0.92378736951788309     
   311.80210719406813     
   733.32392220993597     
   1435.6105361023137     
   1619.5277133064512     
   1742.4759064819698     
   1516.7060707726785     
   1472.5596445960716     
   1611.0949567842838     
   1664.2079337192736     
   1154.7843450554235     
   1534.8423845954446     
   1570.0313945785992     
   1699.6442063945228     
   1328.5162587119307     
   1568.6109529616265     
   1603.5238654048383     
   1486.7887626087561     
   1721.1933011038311     
   1291.1086295731716     
   1405.1597777910815     
   1551.7332527950030     
   1314.1555578500104     
   1609.4967417498960     
   1670.4870521457096     
   1446.8161194196368     
   1619.0515726762403     
   1518.0707438463551     
   1278.8243213931128     
   845.31485672611495     
  0.85546736380853750     
  0.56798756515879345     
   478.14051364181836     
   1141.8416758978460     
   1456.7499852125011     
   1661.3774698716024     
   1324.8013838820298     
   1377.3881221905256     
   1233.6481980588112     
   1352.4035920154327     
   1180.1658720758110     
   970.74782894365183     
   1305.0734146318730     
   1130.1824348151256     
   1591.5252363613220     
   1119.2552122251809     
   1358.4371664463556     
   1084.8571097812112     
   1247.5542931893835     
   1315.9050464474394     
   913.01164419495285     
   1580.5040163109873     
   996.79333628256995     
   1203.3426582549450     
   1258.7021713728234     
   1564.3088279237827     
   1127.1420055987626     
   1241.3814211442145     
   1574.6766167429221     
   1367.1301573495632     
   914.92106181451288     
  0.36916639936181034     
  0.63822940747429691     
   798.64787559857473     
   1331.4592557397527     
   1022.0198262565802     
   1292.2213999607245     
   992.19666651621924     
   1161.9064656543478     
   756.46448174122702     
   1358.2961285752954     
   655.77230044516807     
   811.08811320422467     
   1115.1152099285532     
   987.51136846123029     
   1351.3390966674326     
   822.91677709615999     
   1170.6342431032153     
   700.72100155977694     
   1273.0263191945448     
   856.12292220133384     
   1175.6604295951690     
   1268.9548174047136     
   682.74985897950603     
   969.29367576663503     
   997.65365811791810     
   1379.4904989499594     
   837.07886588745100     
   1094.4313803865327     
   1247.0992542154784     
   1456.4255344191592     
   980.99094369529655     
  0.63096594739570755     
  0.18244182183857555     
   882.72640141985062     
   1029.6293017138562     
   672.91820111221068     
   914.84330886276700     
   497.03212976116686     
   899.09841341133904     
   905.79886564031585     
   1109.8713758209042     
   377.56856804197031     
   520.76568604195904     
   885.75245498947640     
   380.84493202963864     
   1012.1107896302867     
   651.10234326037528     
   921.86906572021485     
   560.88822152340890     
   977.40140520419482     
   273.01294348998670     
   1076.1882883982041     
   873.61804636836393     
   527.79448653417523     
   880.69972948081784     
   684.78576932664737     
   996.65554808537490     
   557.96677158610203     
   907.57034214065288     
   950.15453747816059     
   865.31440106997559     
   1044.9978339087802     
  0.43935079282355383     
  0.92772820345399398     
  0.67473666699321866     
  0.56184091566617578     
  0.71200883081334521     
  0.40373539112527973     
   9.7747859591429287E-002
  0.52224164788839011     
  0.17648850524455353     
  0.68429536274980174     
  0.12512857828089707     
  0.45687654545390538     
  0.97859070838643369     
  0.36392169814247072     
  0.38361634151292812     
   8.5367409731830907E-002
  0.48884113707313437     
  0.17327500208576652     
   6.7188271394027457E-002
  0.43216638986569184     
   4.1255282957519263E-002
  0.91571385416318707     
  0.33321334666492225     
  0.60236468485719574     
   9.3366712992509607E-002
   7.3085390429265817E-002
  0.34435399886059787     
   6.9972232800325260E-002
  0.61605509899471289     
  0.24641804763020231     
  0.27864055456512488     
  0.71626640017804410     
