  0.99755959009261719     
  0.74791603757811442     
   7.3750076366523740E-002
  0.34223240266120120     
  0.38676720862717301     
   1.6140682154597189E-002
  0.32303077263118596     
  0.96853568765264719     
  0.45687713294606613     
  0.75544260870378377     
  0.65822912053203386     
  0.97866086506688932     
  0.55087202586138362     
  0.97775313472619274     
  0.40246600221185602     
  0.67453414984975679     
  0.11585954880385911     
  0.73112626913715195     
  0.42151121859723689     
  0.99037731511894256     
  0.73402368711228305     
  0.70617965782182990     
   6.1731207343765374E-002
  0.13757322862872240     
  0.30381763759237251     
  0.50366454853843112     
  0.10128623191285495     
  0.79291369079405949     
  0.95354650575145949     
  0.59678065982964812     
  0.10057339249283215     
  0.55444870804951574     
   671.84768699968981     
   637.49969579150036     
   389.14159512716333     
   692.90413256010470     
   533.37351737277470     
   582.98176225806867     
   673.45528354675696     
   213.76593319605757     
   517.83931417841916     
   684.42037890549796     
   553.52719086621937     
   653.32525686169242     
   545.69179011516917     
   389.81573370126102     
   674.40236131911490     
   618.40603667649293     
   673.47688021317026     
   625.24896946667718     
   528.24190347291540     
   467.21559856712042     
   560.41649905879910     
   533.95342583302920     
   317.71589962562797     
   248.53668775435600     
   629.18473996125954     
   535.82836022453660     
   655.98713396188612     
   407.76022311779673     
   681.97387415432127     
   8.5516517991423763E-002
  0.61328656873478060     
   581.62510386939948     
   820.98228704226915     
   761.93541888841116     
   869.52427912304938     
   707.31282523833636     
   792.52389302969800     
   810.21119837440597     
   472.80802509617780     
   841.19838328131425     
   808.52659064127454     
   619.06187653640120     
   796.36923151421149     
   601.71831696392940     
   744.32692663231251     
   831.81378587390941     
   788.54148426579275     
   801.14060311032972     
   803.27721582522395     
   644.63285337296873     
   591.16481739594315     
   854.38963994757012     
   786.29915136464808     
   767.28648660062527     
   716.17354299765952     
   820.66782183941973     
   805.23680759151739     
   836.41451149058287     
   763.46452044430885     
   661.75376965857618     
   9.2815404260263759E-002
  0.36604068767323372     
   566.28507319403593     
   719.47426248322984     
   881.67168623750740     
   893.30798009275486     
   851.10980594503610     
   881.23668102805402     
   866.14229656331679     
   723.25949588329456     
   887.43391316838358     
   889.91717467928402     
   818.59132675327294     
   892.46073164710151     
   837.22706329458003     
   814.58450880108956     
   883.77387604837190     
   875.33228867549076     
   827.42439067244356     
   888.66199859685378     
   836.32233982747266     
   828.14700682537671     
   861.22371591656486     
   869.70640488151901     
   883.79796760021907     
   777.74411498840686     
   834.49725666330494     
   886.92742559418991     
   887.08385370777410     
   852.29122955435685     
   573.75684115696174     
  0.39499741435888985     
  0.89108810184862264     
   422.17897811796570     
   775.53603243410339     
   893.26631187282476     
   899.36397147256878     
   899.71960866158861     
   898.65086364875106     
   899.42560265892007     
   884.75334821450610     
   898.03281087452581     
   899.70551877026116     
   897.42263101738251     
   898.92965838797465     
   899.12091021191065     
   896.30647241115855     
   899.98397274686499     
   897.61966930457663     
   898.67947419234474     
   899.91785804558936     
   899.27440443978776     
   898.93379766923772     
   899.97583009454195     
   898.45566805690305     
   899.55704810701116     
   896.19073688394440     
   899.52597625225496     
   899.85562366210752     
   895.16184402495651     
   842.80573073247342     
   664.56583369677389     
  0.48526495091719030     
  0.37892155993030485     
   571.06738533026589     
   691.81746935951173     
   868.60550570745170     
   900.18296263938089     
   900.26554800545273     
   900.32241305630669     
   899.99331452010438     
   900.07319420752538     
   899.45575567962806     
   900.31001813657315     
   900.22873464724626     
   900.23872742843582     
   900.26484026643197     
   900.20092819821855     
   900.21752004164011     
   900.11046965393564     
   900.23548734088490     
   900.21179851321574     
   900.26421913982279     
   900.19356582115950     
   900.20398526658380     
   900.24078090212720     
   900.21353604425599     
   900.21804521968863     
   900.20598295390096     
   899.64672687269444     
   860.33945470582603     
   825.91778500686451     
   754.92907953842905     
  0.83466540817174983     
  0.46430244579409546     
   662.62187639709498     
   798.51709690904420     
   879.76120942788930     
   896.37090689554577     
   900.14887929237307     
   900.28007531094659     
   900.22359774892584     
   900.24200084860342     
   900.27340431837627     
   900.32630083690731     
   900.22630131949427     
   900.29059536476200     
   900.21258106146286     
   900.28064870994990     
   900.21854402160363     
   900.29340046089817     
   900.26667469251925     
   900.23509474133675     
   900.27585005302637     
   900.26614043198663     
   900.26950447443664     
   900.30050187228301     
   900.28502509627026     
   900.24659190509067     
   900.26805898665964     
   900.19418027929851     
   895.36696746937957     
   811.68234122042952     
   565.08197989939106     
  0.21642072563346740     
  0.63501354582458325     
   666.14572963527223     
   819.30609458124081     
   880.13487676520685     
   898.53617099598580     
   900.22605238220433     
   900.30247116905662     
   900.28687735026517     
   900.24664549658348     
   900.23814564997360     
   900.24327327305866     
   900.22750957801873     
   900.24659252832839     
   900.20592264781453     
   900.28700992401946     
   900.30113875122856     
   900.26375778611293     
   900.22386195263687     
   900.20170717537849     
   900.24196686183905     
   900.25444138801936     
   900.25939866621354     
   900.27706815198212     
   900.28497986287653     
   900.22084964172222     
   900.25697241427974     
   899.96731515629199     
   873.86027630625256     
   720.56719147708213     
   662.14591686643428     
  0.64764475247292741     
  0.19491440108718233     
   563.73938227700341     
   739.21987180773363     
   858.33446714033380     
   899.51278460409515     
   900.26404360834488     
   900.24676820285322     
   900.28129302320087     
   900.23268656761081     
   900.29171233460863     
   900.24753107766628     
   900.26788864542038     
   900.20400566982380     
   900.21005431400647     
   900.24171052125519     
   900.25752612647796     
   900.25727689854284     
   900.26342272979423     
   900.25744371498752     
   900.29451018226393     
   900.31252439537025     
   900.30371775878484     
   900.23087767335846     
   900.18399133877233     
   900.15822678139580     
   900.20740332394644     
   900.21473552191048     
   892.81805659319730     
   844.31142877459058     
   582.64473484478731     
   5.6057447725972154E-002
  0.37725438719208126     
   473.55103335973678     
   839.54507396780559     
   881.16675253287110     
   896.07871670014185     
   900.15333911843368     
   900.24451280423978     
   900.24843891211844     
   900.28046818207645     
   900.29367799811507     
   900.30911612351167     
   900.30678587178397     
   900.32650615748639     
   900.21919597255328     
   900.29160145934497     
   900.25698538238009     
   900.28562424573909     
   900.28825457599601     
   900.30596788011803     
   900.34271046466756     
   900.31692974396617     
   900.24688190596055     
   900.31470275552533     
   900.16249201795176     
   900.20214195007361     
   900.26834609613024     
   900.19445874624967     
   893.23820162347704     
   857.00924796932873     
   748.87223014118490     
  0.69853764813562769     
  0.35876467618740138     
   561.73952740379877     
   632.57393709553992     
   823.10187812579102     
   899.69055929134117     
   900.22969120705045     
   900.22935716805478     
   900.20090611041292     
   900.26184937928053     
   900.29441951760646     
   900.34686049062088     
   900.21596381639029     
   900.25313774502638     
   900.34829585054626     
   900.19624469404789     
   900.24032815271573     
   900.22304248750152     
   900.18314549434865     
   900.38322297551520     
   900.28001789887639     
   900.30174866013897     
   900.24662108818757     
   900.26069183460004     
   900.25735863613681     
   900.22339281870370     
   900.23124622044577     
   899.79969331822315     
   893.41965152695082     
   804.91093490703895     
   689.73610298339963     
  0.77871823935663254     
  0.21439383427931769     
   553.36508314898140     
   701.01422479303096     
   867.97314849813051     
   899.56935774616363     
   900.29592269741909     
   900.23846862711946     
   900.20181746038270     
   900.22728065996068     
   900.24163665365461     
   900.26909970999634     
   900.24960018178592     
   900.29068008821287     
   900.24984635274450     
   900.24719828164871     
   900.24241972143511     
   900.17080167076722     
   900.28599609689593     
   900.26252506078947     
   900.26700610342448     
   900.23922088019913     
   900.27548317610535     
   900.32041610032468     
   900.19036177625560     
   900.17746436464608     
   900.22965082964379     
   899.49437896594316     
   878.98384857237318     
   870.41842127552593     
   688.88839931021084     
  0.18434977693412150     
  0.48930872816223636     
   587.58343231668528     
   815.83602694596357     
   889.78329848405281     
   899.15210775986316     
   900.26181800209815     
   900.25563712126643     
   900.22458559851941     
   900.22363903341898     
   900.26077016495208     
   900.30603626927780     
   900.24007655386049     
   900.22308010710401     
   900.25841467390899     
   900.28961429698393     
   900.29472549056800     
   900.24406643670454     
   900.19884854934571     
   900.20897466396809     
   900.31708804026277     
   900.27002107273779     
   900.26164137331614     
   900.36873782783448     
   900.29586027021469     
   900.29525963756498     
   900.26341414709282     
   899.49772163494595     
   853.57485120061165     
   598.02107293381687     
   331.88201743266404     
  0.14081257601236682     
  0.14315271556702605     
   613.24744156221561     
   794.52953348236440     
   875.53568597745107     
   897.27662936668423     
   900.19242195410186     
   900.32951802984951     
   900.29009457557140     
   900.21842902551543     
   900.25477583903830     
   900.34757163436927     
   900.26462639879935     
   900.20098491079807     
   900.28179518906313     
   900.18213630998059     
   900.23480967003195     
   900.28683880975711     
   900.20459826590820     
   900.21932403362143     
   900.29077122020340     
   900.27191974901370     
   900.23903633895952     
   900.28596640256569     
   900.28872340761336     
   900.17428592117153     
   900.25530551714007     
   900.08304252425683     
   893.77618666016895     
   828.06031288904785     
   745.20196445773172     
  0.16069996358628391     
  0.58160254049373716     
   580.43604962778443     
   777.49863874937876     
   873.01884632408394     
   898.53861085975609     
   900.24266005939762     
   900.18317290626794     
   900.25703655334587     
   900.24413372178503     
   900.28651385406943     
   900.28042666320812     
   900.23374128184344     
   900.25526180619909     
   900.24935565734336     
   900.22820702924059     
   900.26095386099155     
   900.21587339154894     
   900.30784384171170     
   900.26349968804129     
   900.36248089166327     
   900.34488541340045     
   900.34691269557084     
   900.33907660885222     
   900.32065645754074     
   900.18719351609172     
   900.24794031802594     
   898.77631333696036     
   845.69724572687562     
   802.49766287709758     
   749.51429402332201     
  0.37425130078256480     
  0.39029742773673765     
   264.44367189833184     
   680.25748632921568     
   877.02240313860364     
   899.37248154492215     
   900.27741583306852     
   900.32343954693852     
   900.20282620712806     
   900.23447146636181     
   900.30794229446133     
   900.28008835376272     
   900.21939163262175     
   900.20646387801992     
   900.30855569383243     
   900.29377230016132     
   900.29191298583271     
   900.23413618894460     
   900.27568723023046     
   900.25723250625742     
   900.31718091520133     
   900.24072551624909     
   900.27058343436988     
   900.29575879489460     
   900.26614091743295     
   900.29759147019524     
   900.24757176067533     
   899.75027013182762     
   895.48244475803597     
   841.21751428082712     
   583.39822000683409     
  0.58496190157441064     
  0.66231950784951343     
   673.27439548820007     
   846.34915841745681     
   871.83025579284356     
   898.27468897408176     
   900.14621105205390     
   900.26084517673064     
   900.28435334573521     
   900.16177566960198     
   900.30485452255505     
   900.25827011617332     
   900.23402809722018     
   900.20025996289974     
   900.23313088736586     
   900.22252089252640     
   900.21005261575442     
   900.24480557169659     
   900.28547767270595     
   900.30601745245713     
   900.25833477191634     
   900.19357066148984     
   900.31471641806945     
   900.25490991929451     
   900.28593479750771     
   900.23744856613337     
   900.23882596044223     
   899.96625656741685     
   889.14052782002057     
   824.48471218744044     
   616.17089237525386     
  0.21739469659099719     
  0.72577621818439031     
   532.39583375697816     
   701.75461928107848     
   806.90928149527326     
   899.58745367686834     
   900.21224179043952     
   900.24715353783040     
   900.28570131405797     
   900.22063205159452     
   900.22219314257279     
   900.23108354708461     
   900.18665555046800     
   900.08991525765373     
   900.19990541982952     
   900.18443482303007     
   900.25841274263246     
   900.25274209786312     
   900.29384861049800     
   900.28743244700968     
   900.31779325857110     
   900.17492749241705     
   900.14924231855571     
   900.24420436700575     
   900.30481834218187     
   900.23828023816111     
   900.22128262380397     
   900.24221908349853     
   889.79771745656228     
   829.80039278308618     
   699.85232180518994     
  0.42155472742770767     
  0.83438125922024542     
   674.89631152654499     
   778.28780928040749     
   889.05972415217025     
   897.27712436308684     
   900.21113721023926     
   900.28858224558587     
   900.29822144934428     
   900.33636106864844     
   900.34499896383056     
   900.21565233211845     
   900.13402649717625     
   900.14601248167855     
   900.25739939113350     
   900.21623105343576     
   900.25565768225522     
   900.32370610869543     
   900.21172672010130     
   900.32725654952446     
   900.27985350721144     
   900.25136633131933     
   900.21882065432362     
   900.20610932909619     
   900.27150365377508     
   900.24527451370614     
   900.24926888008110     
   899.95033634325239     
   875.23228143579479     
   762.83653872056675     
   668.71243748412712     
   1.8874382005141282E-002
   5.6458412843434856E-002
   576.83737425385732     
   826.80996479120699     
   877.48292194925250     
   899.33799018042964     
   900.21624179701246     
   900.20404216813563     
   900.33605936525589     
   900.27908199881108     
   900.29076246977422     
   900.34720332005691     
   900.22852084493252     
   900.24458399897810     
   900.25520525822344     
   900.21321675309457     
   900.22340276023931     
   900.25000785826705     
   900.17190003001701     
   900.20556945656608     
   900.21740698557699     
   900.26803989963491     
   900.29258283477759     
   900.24323248523308     
   900.29680512010270     
   900.25955959352302     
   900.22827107793103     
   899.90706274199431     
   865.36111171644461     
   717.50105901427366     
   635.06735966894189     
   2.1347518801751227E-002
  0.63844424072527450     
   508.50054801495020     
   828.14691300682546     
   882.99311551119422     
   898.83322901559063     
   900.29088470330396     
   900.29619434605274     
   900.27392293070943     
   900.28035296004487     
   900.31768919573983     
   900.26146712452044     
   900.22285087723321     
   900.17913069330052     
   900.17587066887916     
   900.26584198495289     
   900.36397919891749     
   900.27275428482233     
   900.25569365358706     
   900.29256331678209     
   900.23914899753970     
   900.28666790332886     
   900.24049592917618     
   900.21276587996090     
   900.22372193810759     
   900.21553384615402     
   900.27370826399942     
   900.19157069382175     
   892.11909264901306     
   861.73371267973312     
   755.14145386979055     
  0.63491730467056717     
  0.38287504318031962     
   664.76812438229842     
   650.52308191445388     
   826.82613606405369     
   896.69796173473355     
   900.29979651841813     
   900.24251824100884     
   900.18797106882710     
   900.23378244783999     
   900.32152279130617     
   900.26932330425780     
   900.28188729811689     
   900.23966492317561     
   900.20900539067281     
   900.29937206761531     
   900.32200566203835     
   900.24336870379477     
   900.28577983331456     
   900.31634708497108     
   900.25308496577748     
   900.24661608969893     
   900.18587514473950     
   900.18690288256414     
   900.18722910752513     
   900.20143205405986     
   900.21455333287679     
   899.43966948094555     
   892.83889398152087     
   832.65316808438035     
   665.72122901247792     
  0.23462314963587672     
  0.17891922153070447     
   564.49570752579325     
   830.95451859687932     
   885.95689260630888     
   899.96132748217963     
   900.31733164220373     
   900.20610143035844     
   900.28033803887627     
   900.26346360019386     
   900.28541256894300     
   900.22778238495482     
   900.29229012323515     
   900.19671648722726     
   900.14513953048993     
   900.27387264911329     
   900.30237993624075     
   900.36825724694552     
   900.34485891929546     
   900.28648523186541     
   900.23991372609260     
   900.23524686764358     
   900.24274278914947     
   900.27361715976758     
   900.18869194333752     
   900.19161127256223     
   900.16963221037815     
   899.75750819148027     
   883.98693964510323     
   800.06670485489383     
   346.08806969860944     
  0.93956371922221860     
   7.1624512830520778E-002
   454.67454199865779     
   759.24127234493494     
   867.96595979012341     
   898.67031966724153     
   900.29601446017966     
   900.36623219150079     
   900.34456798381257     
   900.26311250295203     
   900.29677206799579     
   900.25273856651836     
   900.34340108859055     
   900.19263864973448     
   900.17526567412494     
   900.32863116929616     
   900.26186671722860     
   900.26692217657762     
   900.26421124558544     
   900.31165162307866     
   900.23053493810608     
   900.23016882484353     
   900.20830914821386     
   900.24129978571091     
   900.19813188916771     
   900.26940915497698     
   900.17788825905257     
   899.92119065887755     
   870.96185521487121     
   859.42069882914109     
   593.81496224863054     
  0.50556145358108862     
  0.54365586800368726     
   273.93378529330943     
   663.56468411406991     
   864.23645136268044     
   897.68032862119685     
   900.16816832219899     
   900.31797433408860     
   900.28997903201707     
   900.19920854434486     
   900.19731000656350     
   900.23459220010898     
   900.25060938811930     
   900.22067050668579     
   900.29163515288872     
   900.32363196667802     
   900.20465750557935     
   900.15011680330588     
   900.27140402197426     
   900.24562191821781     
   900.24155220457124     
   900.25818407994529     
   900.21935008248613     
   900.19016830134672     
   900.29959551340994     
   900.25311853995981     
   900.16576719113493     
   900.16754753610394     
   878.90087425055287     
   817.57971275235718     
   412.92773905961189     
  0.61098273171371376     
  0.53442727728988260     
   466.90824457674785     
   816.80281470675743     
   864.86565409099035     
   900.06137419198012     
   900.28661063162247     
   900.25298007211461     
   900.26399473634706     
   900.30186894320786     
   900.26704513018149     
   900.22453781425941     
   900.26051447612451     
   900.22645399757459     
   900.31109558083119     
   900.25479530019629     
   900.21502613625148     
   900.15640492943021     
   900.23937550841117     
   900.25521950187874     
   900.28924385392031     
   900.27863285045942     
   900.22695116028603     
   900.27068908561057     
   900.25775643536952     
   900.24365461113382     
   900.20960049978601     
   900.17599028532447     
   885.62342645807871     
   826.48340778252134     
   666.48250944277083     
  0.78052973440526319     
  0.92378736951788309     
   303.34679213837057     
   646.96790085036093     
   883.11460814118664     
   898.26356951269872     
   900.03032900072537     
   899.74698060346043     
   899.48540819698383     
   899.17137957990076     
   899.54716462683666     
   898.68549687360360     
   899.65483164686600     
   899.87892343616340     
   900.01433584592314     
   899.25810722739732     
   899.78472415014369     
   900.10524976552688     
   900.04335668737610     
   900.15078349846488     
   899.84162356195611     
   898.92211910196420     
   899.80362503009678     
   899.10650891238254     
   899.91568402473558     
   900.11368393977773     
   898.42247504162947     
   899.68607348162220     
   894.47471128901748     
   861.38029293568422     
   672.47160044820157     
  0.85546736380853750     
  0.56798756515879345     
   419.43978555666865     
   801.62035540966872     
   885.27112189914078     
   898.41283820901776     
   872.34317975888735     
   893.01884246765144     
   875.48264794430816     
   884.53526609240464     
   864.95367684047494     
   870.65708608987234     
   889.12832301906860     
   857.70571420480826     
   894.01029299374466     
   870.98009384629427     
   888.17194591790690     
   885.76742942912495     
   887.40985058212027     
   883.00489522595717     
   863.35077048118137     
   891.66440369371981     
   863.34046712603526     
   879.05063467165280     
   876.16989793791379     
   895.13819296314819     
   867.00731564413547     
   883.31496715290507     
   891.23147518933206     
   862.90384155928484     
   702.61924940606718     
  0.36916639936181034     
  0.63822940747429691     
   629.20300017757086     
   850.61166276982613     
   766.67111525230996     
   857.75865415937960     
   793.80266249640272     
   834.61768671532866     
   756.52241658697426     
   868.10041804227387     
   627.43134689158501     
   777.38623274655276     
   846.50900555112332     
   795.75066848373251     
   861.89670250229040     
   798.98085910993098     
   840.12275066371183     
   765.41925306529686     
   826.62483822865102     
   786.30866849993413     
   861.56761026577522     
   828.12574547931524     
   763.88210603261882     
   846.10947972523275     
   781.91565046046344     
   875.73097583544052     
   748.06229491200304     
   842.53506801104629     
   833.31562710820845     
   874.58702418828466     
   729.79767690606820     
  0.63096594739570755     
  0.18244182183857555     
   700.67681000692573     
   750.99502626550407     
   564.93862562183961     
   728.36557202028007     
   460.05581485860063     
   745.70817661552951     
   706.81147175584601     
   778.88074704923247     
   369.03100975222401     
   595.03026767642655     
   744.83702375736038     
   380.16504927323240     
   728.65258065118019     
   632.43026506133072     
   749.53473208278240     
   628.06374255099195     
   683.41956907518886     
   368.57126793115333     
   769.77178711155443     
   678.81577154484319     
   587.37121851025427     
   675.00869813692805     
   623.69708385936974     
   696.90123536510134     
   546.50610519470058     
   738.14256849940114     
   717.87040913097485     
   670.08308804618855     
   758.67999879036324     
  0.43935079282355383     
  0.92772820345399398     
  0.67473666699321866     
  0.56184091566617578     
  0.71200883081334521     
  0.40373539112527973     
   9.7747859591429287E-002
  0.52224164788839011     
  0.17648850524455353     
  0.68429536274980174     
  0.12512857828089707     
  0.45687654545390538     
  0.97859070838643369     
  0.36392169814247072     
  0.38361634151292812     
   8.5367409731830907E-002
  0.48884113707313437     
  0.17327500208576652     
   6.7188271394027457E-002
  0.43216638986569184     
   4.1255282957519263E-002
  0.91571385416318707     
  0.33321334666492225     
  0.60236468485719574     
   9.3366712992509607E-002
   7.3085390429265817E-002
  0.34435399886059787     
   6.9972232800325260E-002
  0.61605509899471289     
  0.24641804763020231     
  0.27864055456512488     
  0.71626640017804410     
