  0.99755959009261719     
  0.74791603757811442     
   7.3750076366523740E-002
  0.34223240266120120     
  0.38676720862717301     
   1.6140682154597189E-002
  0.32303077263118596     
  0.96853568765264719     
  0.45687713294606613     
  0.75544260870378377     
  0.65822912053203386     
  0.97866086506688932     
  0.55087202586138362     
  0.97775313472619274     
  0.40246600221185602     
  0.67453414984975679     
  0.11585954880385911     
  0.73112626913715195     
  0.42151121859723689     
  0.99037731511894256     
  0.73402368711228305     
  0.70617965782182990     
   6.1731207343765374E-002
  0.13757322862872240     
  0.30381763759237251     
  0.50366454853843112     
  0.10128623191285495     
  0.79291369079405949     
  0.95354650575145949     
  0.59678065982964812     
  0.10057339249283215     
  0.55444870804951574     
   30.897614565511308     
   30.457359418806774     
   30.689733548151530     
   30.575992387724686     
   30.333543592252333     
   30.723273237214016     
   30.993545159882903     
   30.215868015115092     
   30.044761654627784     
   30.137320670237433     
   30.613220090703599     
   30.753678912169526     
   30.483844587669662     
   30.370894340795282     
   30.569739895126599     
   30.683539935807659     
   30.457734481195327     
   30.298885383423187     
   30.419019509788093     
   30.662469110018144     
   30.775299018013015     
   30.099248922103563     
   30.131689807269371     
   30.458890144655864     
   30.961734712157963     
   30.201122145196514     
   30.272719433468808     
   30.613268759915798     
   30.862835251518451     
   8.5516517991423763E-002
  0.61328656873478060     
   30.145834993718960     
   30.700311352388976     
   30.537341374221185     
   30.618676731735707     
   30.713988919021173     
   30.821835479470504     
   30.818256536595580     
   30.119666848362961     
   30.965287180215689     
   30.978430947798149     
   30.416617615131017     
   30.639306436888575     
   30.138816595416518     
   30.704778603421392     
   30.409605579882964     
   30.079128716272372     
   30.284856672130804     
   30.710076029404352     
   30.281630758427045     
   30.127914609294915     
   30.986253522536060     
   30.764251807020948     
   30.045285313940877     
   30.244685923148289     
   30.613748010910331     
   30.736029624378666     
   30.776591391975462     
   30.333822047420256     
   30.459358249439457     
   9.2815404260263759E-002
  0.36604068767323372     
   30.931687670371346     
   30.366227488872564     
   30.989895585026549     
   30.753214091496812     
   30.879282387705338     
   30.534392184220906     
   30.224922947004465     
   30.048807347873915     
   30.582098330893078     
   30.878237266116631     
   30.186392783652739     
   30.213690079301614     
   30.235065931542692     
   30.069796348165593     
   30.742252888797367     
   30.450762396874421     
   30.766429557340302     
   30.999581810495570     
   30.112956493764894     
   30.185429868241709     
   30.244487641385714     
   30.819807472604900     
   30.286393373257983     
   30.029786979842665     
   30.288445096062553     
   30.611600547920961     
   30.498145473756502     
   30.181505223197270     
   30.058858599838477     
  0.39499741435888985     
  0.89108810184862264     
   30.152116692921911     
   30.967572583853102     
   30.862188018483522     
   30.218060399832876     
   30.624372636085155     
   30.598190320661306     
   30.384698106536849     
   30.117786435220797     
   30.269436095310002     
   30.834521591511209     
   30.564089822175287     
   30.251334241543056     
   30.326427228506454     
   30.967364088896648     
   30.676703600178968     
   30.829658373414890     
   30.797624606000209     
   30.697954421557437     
   30.384233534466443     
   30.710501288523336     
   30.899253860210965     
   30.100306027014796     
   30.238677631075760     
   30.575989396087774     
   30.998745521994071     
   30.075123932583576     
   30.618691126346238     
   30.361469165969602     
   30.974501543297198     
  0.48526495091719030     
  0.37892155993030485     
   30.572029488809584     
   30.105025365266144     
   30.935346854765701     
   30.755920547513217     
   30.722302246801210     
   30.435789904758430     
   30.058767466508669     
   30.476860440206011     
   30.026245643725016     
   30.524443239869665     
   30.511034089835213     
   30.139005858571458     
   30.894106828731857     
   30.190657416863822     
   30.697192426066668     
   30.071121278957779     
   30.746686796082098     
   30.094639665884717     
   30.590854977490949     
   30.355648002185838     
   30.999178467228379     
   30.964070866554870     
   30.911392953702475     
   30.434475306157708     
   30.359781289350320     
   30.991735596173726     
   30.748576025858561     
   30.429453185171820     
   30.520079657920270     
  0.83466540817174983     
  0.46430244579409546     
   30.625707248913500     
   30.592472672262449     
   30.892314572670525     
   30.437638328387582     
   30.173728665350172     
   30.530286590701373     
   30.252158123755780     
   30.854469472485889     
   30.740683049288513     
   30.588595281605414     
   30.194215450018088     
   30.679175672102012     
   30.303531903416161     
   30.667209348869996     
   30.366018422691116     
   30.367942437889642     
   30.951406675906956     
   30.721678823096518     
   30.695226869677501     
   30.347093608808031     
   30.582636793667753     
   30.292764862632090     
   30.846216190358685     
   30.401660572566048     
   30.730966134758873     
   30.164124789749795     
   30.740640584170578     
   30.083292176273890     
   30.117744139916670     
  0.21642072563346740     
  0.63501354582458325     
   30.992961120834789     
   30.130187141058347     
   30.859428312671628     
   30.502142565335557     
   30.114962374561276     
   30.739728107444606     
   30.276932041274758     
   30.178780889361445     
   30.573230769709717     
   30.683714438264786     
   30.392299763740198     
   30.217600475910313     
   30.414486069288500     
   30.602877397571646     
   30.772863078395325     
   30.244425039346741     
   30.117943517101743     
   30.859656077109680     
   30.506698400021651     
   30.320744001540987     
   30.334151747298655     
   30.969559901467616     
   30.801288216464542     
   30.683142763670283     
   30.702042135644376     
   30.524024988649405     
   30.242285002716905     
   30.444462404676255     
   30.409765111850128     
  0.64764475247292741     
  0.19491440108718233     
   30.693328395241277     
   30.641182052800545     
   30.917755311543882     
   30.827889419834534     
   30.768753979359200     
   30.526960395468016     
   30.689384863770101     
   30.110563876762114     
   30.732049160534167     
   30.393063041800005     
   30.972527120914577     
   30.138507331509700     
   30.412590722575459     
   30.458978077077965     
   30.706795141324765     
   30.253674096241092     
   30.888384964489667     
   30.607511141120192     
   30.143025245918512     
   30.642027537353375     
   30.947605928655264     
   30.132948469639810     
   30.175330503905137     
   30.370477903289487     
   30.574426928289153     
   30.496429616175973     
   30.961880048874168     
   30.509216197577519     
   30.901876271639182     
   5.6057447725972154E-002
  0.37725438719208126     
   30.108445111177975     
   30.667637189685557     
   30.824159939341765     
   30.314443809898240     
   30.458147918531953     
   30.393853275213431     
   30.841985320589952     
   30.175287256227563     
   30.205676606957439     
   30.358725418290717     
   30.576867321502586     
   30.947784685143052     
   30.220961796616642     
   30.831919669645107     
   30.247966740600248     
   30.568844174827536     
   30.880680906437203     
   30.836014210791738     
   30.976201815157641     
   30.884163247311715     
   30.221166184755745     
   30.932096212830537     
   30.114434049869043     
   30.232739905484419     
   30.538277936177163     
   30.488238756111134     
   30.476041454617874     
   30.818862781079794     
   30.977594521546131     
  0.69853764813562769     
  0.35876467618740138     
   30.967527518270103     
   30.120199399950657     
   30.672091362433889     
   30.060401856527974     
   30.754623756002509     
   30.350711163693443     
   30.469289053110316     
   30.293920059284201     
   30.726499931499990     
   30.750360904397681     
   30.375800591495061     
   30.130621782403846     
   30.388662646759592     
   30.037430516658937     
   30.481486040045166     
   30.954861934319705     
   30.230232417768676     
   30.808574986716526     
   30.629440160467240     
   30.881907856056316     
   30.474582915249314     
   30.699444223147591     
   30.849750257407685     
   30.546511075853470     
   30.277925896570295     
   30.053347014629527     
   30.967365113240614     
   30.434997426916468     
   30.648329909900102     
  0.77871823935663254     
  0.21439383427931769     
   30.790632569106783     
   30.402659035433480     
   30.877316969235626     
   30.190389776855518     
   30.987410062268189     
   30.121860444110865     
   30.276569208384746     
   30.128207727561986     
   30.540730812633456     
   30.868369107549775     
   30.754958609396056     
   30.749482226922691     
   30.393670214869356     
   30.397608267096018     
   30.207845465742302     
   30.205379847058904     
   30.865872767702317     
   30.024178060729611     
   30.655844253045071     
   30.515692611772572     
   30.708850337341726     
   30.805409929485467     
   30.732738181982345     
   30.112824083771020     
   30.439438203542888     
   30.828300367693917     
   30.404106175458189     
   30.330063106391371     
   30.511044134454089     
  0.18434977693412150     
  0.48930872816223636     
   30.661788377139832     
   30.706114425390414     
   30.723011597030393     
   30.194067747614810     
   30.805357382470593     
   30.384922736230298     
   30.190888613240279     
   30.140621235123060     
   30.504158636024520     
   30.889076368794534     
   30.881264153752326     
   30.276387055876299     
   30.589347260819991     
   30.761963432932308     
   30.651924633725564     
   30.000566010118991     
   30.073008417236924     
   30.167967911256422     
   30.561394230944604     
   30.217366809633152     
   30.593257205201638     
   30.696391942358932     
   30.511665182965299     
   30.509342368592403     
   30.802391582212387     
   30.967622898840379     
   30.007100218975669     
   30.240938327105937     
   30.444741017742537     
  0.14081257601236682     
  0.14315271556702605     
   30.902300235713458     
   30.801928961583855     
   30.854806844805324     
   30.089986854712475     
   30.401325397152711     
   30.648527023804053     
   30.349138147322055     
   30.939483777999328     
   30.948037997022951     
   30.886735821785276     
   30.487913089551679     
   30.685694838870067     
   30.928751182513174     
   30.319034398120330     
   30.916340520968927     
   30.998708573800361     
   30.340508048052001     
   30.665413606112992     
   30.551841184480569     
   30.962623373546748     
   30.309871413048636     
   30.476346638010231     
   30.199885520688955     
   30.097116662404833     
   30.910461509121543     
   30.346997083773619     
   30.750247536076614     
   30.383858192255030     
   30.847200391390214     
  0.16069996358628391     
  0.58160254049373716     
   30.677186483418271     
   30.466734747485045     
   30.838297786803984     
   30.393154715120396     
   30.936311438059423     
   30.132690958519778     
   30.824486020274431     
   30.056591646184977     
   30.658731460642674     
   30.669264543839734     
   30.238043039207884     
   30.886218197132095     
   30.627914589605542     
   30.824003870959885     
   30.428864808935661     
   30.296506548673904     
   30.916667396080197     
   30.081730328654952     
   30.758189416424713     
   30.954509634347698     
   30.959699506871008     
   30.839591537050897     
   30.381946824211344     
   30.489881206701490     
   30.300416568449513     
   30.121183136234183     
   30.005714825812902     
   30.648906324399736     
   30.869326339549300     
  0.37425130078256480     
  0.39029742773673765     
   30.186009566183170     
   30.925961413965538     
   30.983283481509481     
   30.844087932330620     
   30.300652762427834     
   30.831252230327401     
   30.253084726036576     
   30.974389368056951     
   30.134047907075544     
   30.323549109672712     
   30.543505080778289     
   30.131631736890615     
   30.490521808000018     
   30.803882415605351     
   30.918938536066428     
   30.886892542114179     
   30.514497530442316     
   30.960058403276285     
   30.180471493642887     
   30.525843352568000     
   30.432327903852801     
   30.370060761279440     
   30.642269692793128     
   30.295735114842760     
   30.033793536579537     
   30.096915382221702     
   30.768651878091127     
   30.072354039946397     
   30.370889757394718     
  0.58496190157441064     
  0.66231950784951343     
   30.440322359658577     
   30.783800125562816     
   30.129695478938196     
   30.902021781825397     
   30.026467961398101     
   30.705576067907771     
   30.602894516714947     
   30.304726352335614     
   30.320515750236684     
   30.568699520306485     
   30.635635668120244     
   30.160299348095755     
   30.345616473977262     
   30.583956151041477     
   30.247629419804220     
   30.879299444023676     
   30.636102272978899     
   30.732823502772877     
   30.599935797048840     
   30.494901773712073     
   30.754280826714290     
   30.788755110458069     
   30.134454483435118     
   30.210763970014856     
   30.532202417659253     
   30.734606459299435     
   30.782361021764213     
   30.564190390881762     
   30.722781105231768     
  0.21739469659099719     
  0.72577621818439031     
   30.235284907973863     
   30.759173254187875     
   30.389425407447380     
   30.715995135889788     
   30.000429700454546     
   30.467589945706838     
   30.615718551529813     
   30.431750622571098     
   30.069020833767308     
   30.547374745862680     
   30.665045925383730     
   30.024306767245651     
   30.218355338186363     
   30.224600753382735     
   30.954305484856771     
   30.509083541755736     
   30.748798970405236     
   30.333378518793989     
   30.716773399687057     
   30.031253480897757     
   30.056244272476818     
   30.197522577998477     
   30.570970077088546     
   30.901850070361011     
   30.671111189246425     
   30.453474079035558     
   30.009387748346143     
   30.957071807258675     
   30.715430033331707     
  0.42155472742770767     
  0.83438125922024542     
   30.364676130098445     
   30.271008716301747     
   30.357833119322425     
   30.091850345951350     
   30.526122295288975     
   30.823321422832205     
   30.795317291349061     
   30.947846102245858     
   30.979571902239009     
   30.698720560168436     
   30.257399604608306     
   30.256698654243266     
   30.768754869147816     
   30.266937624113510     
   30.803311052801554     
   30.990469520371452     
   30.080603722947171     
   30.844409873586450     
   30.944248796062762     
   30.158729522152129     
   30.219055345126577     
   30.244622896567961     
   30.178429476377708     
   30.439107302809084     
   30.345184770469281     
   30.574817860674138     
   30.176098309884495     
   30.601265234248299     
   30.861677056130070     
   1.8874382005141282E-002
   5.6458412843434856E-002
   30.609843939196882     
   30.999675796083480     
   30.737666991078076     
   30.938109727276586     
   30.194461953935011     
   30.209257193728416     
   30.778384761827397     
   30.622468231723641     
   30.577889960065008     
   30.692291574904697     
   30.861160947627468     
   30.618091479117016     
   30.299991760766794     
   30.688735107111089     
   30.062193200253787     
   30.618072468357518     
   30.041041712430093     
   30.339939413188056     
   30.292257391311910     
   30.583511415758739     
   30.797315516017864     
   30.704925398077183     
   30.815188167643665     
   30.710707808036773     
   30.007919618754268     
   30.972929443135342     
   30.020684771009034     
   30.325484873883880     
   30.603783490188540     
   2.1347518801751227E-002
  0.63844424072527450     
   30.463503011848587     
   30.871884527986911     
   30.836111913338570     
   30.260582060853753     
   30.951679229456825     
   30.168000494748664     
   30.512303145033300     
   30.430676585343996     
   30.558587028750864     
   30.696037656893026     
   30.870762434559190     
   30.430018220073240     
   30.087217635095250     
   30.237621198584730     
   30.626815607086996     
   30.206209861346487     
   30.596796400310851     
   30.343482963612843     
   30.719521254484640     
   30.502875454022611     
   30.149754430237749     
   30.518273320692810     
   30.540546608350962     
   30.324930651899393     
   30.543095881776310     
   30.602257020727212     
   30.849916710688237     
   30.274904863996028     
   30.806370002093288     
  0.63491730467056717     
  0.38287504318031962     
   30.966686767753522     
   30.166846068841711     
   30.932172798687169     
   30.138394865743422     
   30.129892186337283     
   30.255164950209309     
   30.247700126021687     
   30.969913298253495     
   30.816004573752892     
   30.795792532593133     
   30.723190627112988     
   30.840721155908309     
   30.581663821550336     
   30.827066312891098     
   30.532965887402575     
   30.030986957340406     
   30.096874742361845     
   30.800383827458006     
   30.807788349215265     
   30.808067423829751     
   30.129991731052719     
   30.025512232866348     
   30.062398713288342     
   30.931896166726862     
   30.982145674791905     
   30.096988553281207     
   30.810594800036018     
   30.498340342949330     
   30.631025261918953     
  0.23462314963587672     
  0.17891922153070447     
   30.005271179859353     
   30.830230207506677     
   30.397683288372647     
   30.771691153701529     
   30.426004411814667     
   30.129050588199728     
   30.489659343721915     
   30.529204604445241     
   30.587417234702180     
   30.123352170230749     
   30.610680828464712     
   30.786615688338753     
   30.102560781363525     
   30.656373748069900     
   30.436791159851150     
   30.701685018592681     
   30.502913711426817     
   30.476673754134858     
   30.298880234026196     
   30.027258860374410     
   30.181317881132692     
   30.977384915011633     
   30.273447988553631     
   30.943769321815516     
   30.175720635199198     
   30.174728030833162     
   30.372958555495863     
   30.315767102428048     
   30.051646800488882     
  0.93956371922221860     
   7.1624512830520778E-002
   30.885242933737342     
   30.987381572971053     
   30.591776610462603     
   30.660089167451524     
   30.184917718156317     
   30.312512621370750     
   30.351062445089394     
   30.461667858597671     
   30.451215238317776     
   30.195158117841611     
   30.416120912015774     
   30.913506603363874     
   30.383384475018726     
   30.578367800267223     
   30.725350634847544     
   30.240155098857144     
   30.269181158270190     
   30.933625547840151     
   30.750032433606112     
   30.335222414301292     
   30.031951735786869     
   30.817686021238469     
   30.155728232891814     
   30.548361357588142     
   30.334856228738239     
   30.710445862404949     
   30.072787274569698     
   30.485607197975202     
   30.411936927864762     
  0.50556145358108862     
  0.54365586800368726     
   30.622737678015660     
   30.490325262920674     
   30.225271126462072     
   30.174754275213314     
   30.427543175547097     
   30.868658190843480     
   30.996880510968289     
   30.560716704660702     
   30.448491685736663     
   30.734298987887655     
   30.204807544011857     
   30.022367436571688     
   30.940651202452525     
   30.967391897274389     
   30.444559465104462     
   30.194088334484757     
   30.914034997058128     
   30.912543263818662     
   30.315074038023894     
   30.430688437259921     
   30.561077170132794     
   30.052857247260832     
   30.676434640916799     
   30.796710832486045     
   30.294443774609245     
   30.569036408480567     
   30.296325814370622     
   30.900323640836135     
   30.471621994204270     
  0.61098273171371376     
  0.53442727728988260     
   30.140931226144755     
   30.491096649256814     
   30.120423082062295     
   30.249783653479888     
   30.551719426443363     
   30.065163971864536     
   30.960710571207905     
   30.504565667943272     
   30.366778698121308     
   30.706465334399397     
   30.781184657286055     
   30.079595828590136     
   30.863498931171630     
   30.395998022476029     
   30.632902299637664     
   30.388184133723268     
   30.654236907303989     
   30.699592413439419     
   30.487319146194178     
   30.897956082368118     
   30.841177291036306     
   30.283539488636542     
   30.413380977747185     
   30.923184526609187     
   30.686149132961742     
   30.861279141811817     
   30.755124480852221     
   30.957773343500261     
   30.985157072684000     
  0.78052973440526319     
  0.92378736951788309     
   30.006498324727392     
   30.114939498615556     
   30.907260715047723     
   30.811787122982366     
   30.781438170832743     
   30.593545149044257     
   30.063361760505003     
   30.112527965697520     
   30.523799301872327     
   30.704469484544038     
   30.764486198086662     
   30.851764360434810     
   30.024363115913097     
   30.368253548297993     
   30.189009382496931     
   30.139419219734695     
   30.764114364724175     
   30.711029494902654     
   30.643869697879509     
   30.357313800836796     
   30.742563252532925     
   30.572393047708605     
   30.384864967119743     
   30.938292566145229     
   30.218634241818652     
   30.951990843646016     
   30.980875207976304     
   30.686627875461419     
   30.755501739244174     
  0.85546736380853750     
  0.56798756515879345     
   30.084396209602765     
   30.260315765283554     
   30.567985767072301     
   30.709708091350173     
   30.300625510005659     
   30.303596161558279     
   30.594754105650615     
   30.983598169840629     
   30.702770656418771     
   30.348911119846889     
   30.869237874969695     
   30.958763302746487     
   30.465825176572061     
   30.908160838360722     
   30.551227904642104     
   30.647732895374340     
   30.838329441770171     
   30.683212122215625     
   30.080854353332995     
   30.729308893371829     
   30.981645607803468     
   30.134720514320755     
   30.340213474887285     
   30.641428289878036     
   30.660887722816696     
   30.871128008230219     
   30.802465597455598     
   30.572415335946978     
   30.556735292930760     
  0.36916639936181034     
  0.63822940747429691     
   30.510238381313481     
   30.827366265941546     
   30.160714725893602     
   30.845253824232671     
   30.618547730960724     
   30.835678178184260     
   30.175823178560631     
   30.587385456956081     
   30.841145331741846     
   30.718380692344674     
   30.300363839555803     
   30.995998148710900     
   30.685604085603320     
   30.098095762740954     
   30.634070628333138     
   30.808835241895103     
   30.119346466657916     
   30.642860109215402     
   30.501729763870369     
   30.598039175527266     
   30.680233512446947     
   30.749695358422720     
   30.191488716405814     
   30.343254436107117     
   30.958826509470658     
   30.566294566331894     
   30.873921418731985     
   30.673077753443163     
   30.737226440480985     
  0.63096594739570755     
  0.18244182183857555     
   30.191215245135645     
   30.610494202401132     
   30.258820696948639     
   30.539820363166370     
   30.039330181003951     
   30.165969118230453     
   30.827550078851104     
   30.666305754346592     
   30.147294286805025     
   30.153960461787786     
   30.313773039114093     
   30.168652403896047     
   30.900922008429475     
   30.552462053109437     
   30.539308163037784     
   30.220008932661631     
   30.987736461402058     
   30.480537638043135     
   30.549455436222797     
   30.737635302877262     
   30.186119930590589     
   30.228482115660427     
   30.414332341530056     
   30.948695642597286     
   30.236407517261537     
   30.550790759541268     
   30.981109500899091     
   30.587515483626571     
   30.799155584433404     
  0.43935079282355383     
  0.92772820345399398     
  0.67473666699321866     
  0.56184091566617578     
  0.71200883081334521     
  0.40373539112527973     
   9.7747859591429287E-002
  0.52224164788839011     
  0.17648850524455353     
  0.68429536274980174     
  0.12512857828089707     
  0.45687654545390538     
  0.97859070838643369     
  0.36392169814247072     
  0.38361634151292812     
   8.5367409731830907E-002
  0.48884113707313437     
  0.17327500208576652     
   6.7188271394027457E-002
  0.43216638986569184     
   4.1255282957519263E-002
  0.91571385416318707     
  0.33321334666492225     
  0.60236468485719574     
   9.3366712992509607E-002
   7.3085390429265817E-002
  0.34435399886059787     
   6.9972232800325260E-002
  0.61605509899471289     
  0.24641804763020231     
  0.27864055456512488     
  0.71626640017804410     
