  0.99755959009261719     
  0.74791603757811442     
   7.3750076366523740E-002
  0.34223240266120120     
  0.38676720862717301     
   1.6140682154597189E-002
  0.32303077263118596     
  0.96853568765264719     
  0.45687713294606613     
  0.75544260870378377     
  0.65822912053203386     
  0.97866086506688932     
  0.55087202586138362     
  0.97775313472619274     
  0.40246600221185602     
  0.67453414984975679     
  0.11585954880385911     
  0.73112626913715195     
  0.42151121859723689     
  0.99037731511894256     
  0.73402368711228305     
  0.70617965782182990     
   6.1731207343765374E-002
  0.13757322862872240     
  0.30381763759237251     
  0.50366454853843112     
  0.10128623191285495     
  0.79291369079405949     
  0.95354650575145949     
  0.59678065982964812     
  0.10057339249283215     
  0.55444870804951574     
   910.39805880105416     
   848.10877081924639     
   444.06797128699560     
   757.80115101417846     
   595.05199733876680     
   751.69809800732946     
   946.76168225661820     
   168.40487945504739     
   748.81670063037996     
   832.57308497861845     
   544.70302097281376     
   803.85269590158271     
   481.28576133736851     
   522.22775044689206     
   888.99284470437919     
   725.43320293007639     
   760.46174371490213     
   871.85271904028275     
   774.88877555657632     
   453.90904286384136     
   663.81385279396386     
   905.90451773329607     
   362.06621936057127     
   206.68288256997573     
   914.09930449459091     
   649.41152023164727     
   909.61445538912278     
   449.43941097395935     
   934.52578462886697     
   8.5516517991423763E-002
  0.61328656873478060     
   732.85487112295391     
   1380.3208154949082     
   1087.6276510426899     
   1659.9571385473548     
   835.85719350615352     
   1117.2974742457889     
   1174.1141837844914     
   337.37290257669332     
   1250.5649864852699     
   1363.7406038822303     
   483.83205398904460     
   1187.5740460786071     
   333.76837272400115     
   1003.0884341378162     
   1299.1774499970472     
   704.02789659960649     
   889.00419359783234     
   1472.3418267867744     
   1274.6767825436436     
   430.84362027036428     
   1416.9161569489204     
   1156.9919872158650     
   1149.1667574786686     
   824.40437276979947     
   982.86941755837495     
   1293.0568798639904     
   1401.6829565677062     
   1084.2585295344425     
   885.40378841504696     
   9.2815404260263759E-002
  0.36604068767323372     
   698.88978828812481     
   980.31807354154580     
   1855.3890660842908     
   1562.1762157136475     
   1080.6114076235374     
   1411.8899513219098     
   1410.4988747684722     
   514.37719332233701     
   1176.0352685100190     
   1490.6178114944353     
   725.32344610601001     
   1141.7106267430327     
   708.41706604496369     
   1233.0986810690285     
   1664.5093128931792     
   782.90049336680215     
   882.88340104558438     
   1728.5082511200721     
   1200.1916133378718     
   695.51117206119352     
   1429.9423736285712     
   1501.4002318279815     
   1626.2090700688036     
   737.85744104133528     
   1040.0918963604722     
   1773.5475512441899     
   1833.0610840251109     
   1535.0738313492998     
   725.40373461906609     
  0.39499741435888985     
  0.89108810184862264     
   491.68973392356457     
   1204.5480367995565     
   2106.2560908850860     
   2111.9158541146235     
   2024.7720351595813     
   1702.3512036905804     
   1645.2772905838201     
   836.06499276197735     
   1137.8158534045228     
   1925.3362176211526     
   1079.9393913945348     
   1473.1086536136070     
   1066.1032124965016     
   1958.2888379469525     
   1589.6127806063653     
   866.99404703262371     
   1066.2844136868353     
   1649.1275285201887     
   1730.0631431953450     
   1284.1375810055106     
   1588.1700874679084     
   2294.3388093737385     
   1981.5788177084773     
   1330.6926249414842     
   2179.1998619928986     
   2471.7935361069144     
   1986.1730550733655     
   1349.4969877310280     
   790.13459613396196     
  0.48526495091719030     
  0.37892155993030485     
   691.97152645624487     
   891.26921266089653     
   1538.7426246195796     
   2113.8840282941146     
   2503.3976725934053     
   2373.3073669401865     
   1373.9659410874174     
   1755.0275446650558     
   1162.7685239982065     
   2247.9084294049367     
   1375.0988419026392     
   1690.3512980512658     
   1335.6679857313811     
   2316.7155571197241     
   1503.6181300093006     
   743.09571522588658     
   1398.7964386209110     
   2078.1384634769452     
   2184.4127806603310     
   1944.5640430272088     
   1623.0477479518779     
   2308.6284978769850     
   2164.1450230383880     
   1632.2101775808642     
   2610.7240190464158     
   2116.3051487878506     
   1230.7010022268803     
   1143.5489220301272     
   1090.0795493690493     
  0.83466540817174983     
  0.46430244579409546     
   814.04291988148509     
   1009.9197950931050     
   1241.1785242550782     
   1288.6657855773462     
   1786.1475258040500     
   2623.2212118532289     
   1857.0047383967174     
   1845.1555491589443     
   1990.4931563313125     
   2472.7067167604814     
   1701.2712343686183     
   1784.0325219391784     
   1489.7626086155979     
   2413.3506235958421     
   1424.5186052344645     
   1496.0448228074911     
   886.11447812474159     
   1670.0319981281207     
   2428.5109876876677     
   2237.9938801630738     
   1773.8680377873441     
   2669.9800335741943     
   2299.0866120036799     
   2260.5425011807597     
   2515.9034668456679     
   2261.0547211490789     
   1667.2098900067645     
   1628.9459549134933     
   824.08750757415896     
  0.21642072563346740     
  0.63501354582458325     
   845.58193491440056     
   1090.3064099116436     
   1391.3564383816795     
   1517.0407824582103     
   1853.5037759545619     
   2592.8251064724350     
   3060.3207063239233     
   2353.4933007592113     
   2226.8082497540058     
   2819.4064757579445     
   2576.5422802923581     
   2126.6238797219557     
   1448.6653105270543     
   2634.1062114477545     
   1718.6224220203794     
   1957.2806808544358     
   1811.3910272684227     
   1440.3378122539061     
   2331.7984801239568     
   2340.1844530646817     
   2444.8144297383342     
   3171.4495667143929     
   3030.9100981808665     
   2467.7593944285445     
   2000.3431380854445     
   1132.7989718761903     
   816.16113017676514     
   529.36874849963112     
   645.34441455076762     
  0.64764475247292741     
  0.19491440108718233     
   521.28860861655187     
   736.74783149864436     
   885.05632536409439     
   1745.5602197926617     
   2122.5999338689417     
   1797.1614133878979     
   2824.7627803619657     
   3125.1079532539293     
   2751.2762139040788     
   2932.7037841987371     
   2822.8053391374228     
   2126.1985363689073     
   2020.5199647015615     
   2711.5439535831097     
   2624.2749402364652     
   2422.7239306612792     
   1891.0153472792781     
   1649.1327993899513     
   2435.6595024587259     
   2820.9936598070553     
   2982.1194557286617     
   3109.4305733937476     
   2428.4118782557857     
   2190.4696506573346     
   1709.3196091671759     
   2051.8359773712550     
   1770.7162905092314     
   1362.0181767247682     
   684.61834141902091     
   5.6057447725972154E-002
  0.37725438719208126     
   505.92976292146540     
   1053.4258351532590     
   1134.5089002074665     
   1013.1674439941149     
   1146.7456719930492     
   2116.0882521458584     
   2145.6291582319564     
   2849.8303040259302     
   3310.7007169596250     
   3603.8885655431386     
   2865.0642072922442     
   3023.1551093866306     
   2003.4631755583068     
   2973.9746045764932     
   3073.8160527854188     
   2917.3735621976730     
   1855.8516183133036     
   2067.3188541473942     
   2152.0549073837724     
   3335.8045618971119     
   3503.4840071118783     
   3439.5279415538494     
   3170.4175770614270     
   2991.3546675763623     
   2495.0924264945161     
   1951.8139596135936     
   1349.7668400612004     
   1116.7980293873754     
   994.74210164093199     
  0.69853764813562769     
  0.35876467618740138     
   708.13325000028851     
   855.81187754634152     
   1417.5908302843952     
   1553.3073592145877     
   1586.5116470159444     
   1592.2934865687571     
   1837.7600091887959     
   2318.7854477397714     
   2854.8097034403613     
   3570.5712445698691     
   3801.6554346953176     
   3066.6542129946720     
   2419.8429504131209     
   3275.9184490940479     
   3373.5386723120191     
   2522.9293203107500     
   1815.2961373647040     
   2761.7424543161305     
   2963.3298131221277     
   3491.1421249141731     
   2730.4739555987817     
   2269.3382314223632     
   2469.4273335470348     
   1845.3646773938651     
   1764.8997107128910     
   1663.5300894121528     
   1547.8538824488678     
   1252.4812473349682     
   960.14376458289462     
  0.77871823935663254     
  0.21439383427931769     
   708.31602508721392     
   1101.9711520843600     
   1898.1434165336366     
   2184.7739986764291     
   2414.4970478992109     
   2228.7626427064688     
   2185.9883564137044     
   2007.0221807697144     
   2301.4279703192096     
   2775.3372501234753     
   3338.2051263172552     
   3707.1954014010857     
   2800.4804100989445     
   3799.4635859337659     
   3044.4072452566056     
   2226.3496084635267     
   2102.7687519494057     
   3072.0100928252873     
   3628.8963749276395     
   3258.2440952798834     
   3138.7609709349695     
   2432.0028832337412     
   2039.7059945566677     
   1432.2425318271298     
   1426.9077876248391     
   1309.6252787305668     
   883.06570735471678     
   1294.9376064547830     
   1050.3516550884262     
  0.18434977693412150     
  0.48930872816223636     
   684.57585583501611     
   1177.1006870398821     
   1240.4742293533718     
   1558.3578360140109     
   2337.7803419073621     
   2588.1123615886509     
   3090.9281328427332     
   2872.8503890203397     
   3150.5785596853511     
   3343.2596288116315     
   3737.3647359576576     
   4002.6647647732466     
   3283.4451124384241     
   3833.6882250841404     
   2931.6783002179286     
   2552.0975579150677     
   2441.1408213997343     
   3412.7668652055409     
   3834.1700716349619     
   3346.8598226366184     
   3180.5210688434900     
   3166.9664805358120     
   2741.0112838482737     
   2316.7641987941811     
   2246.5403785404151     
   1430.4206233809855     
   899.66327433353820     
   387.74475963860618     
   219.84109889837279     
  0.14081257601236682     
  0.14315271556702605     
   641.80212797833019     
   877.71249139313454     
   1127.7608949777432     
   1289.0092484026338     
   1828.0293178968971     
   2439.2621034815561     
   2672.0150479286285     
   2431.1218312617802     
   2688.4036779631792     
   3525.1433355012896     
   3937.2827746935604     
   4202.4274894436603     
   3879.8407000416237     
   3720.8210052624104     
   3454.2023979332971     
   3322.2573045584700     
   3087.9659020286199     
   3441.0389091285138     
   3599.7897703657227     
   3020.6594981288417     
   2237.1645966870897     
   2448.9483970897882     
   2209.3914125936572     
   1521.1810450396006     
   1966.6895563170197     
   2001.7456219667847     
   1497.4929509113247     
   1157.8946872323922     
   882.47192390726627     
  0.16069996358628391     
  0.58160254049373716     
   541.97672298700206     
   735.74031438350926     
   871.98927923296094     
   873.03963267546476     
   1083.7565453147938     
   1300.6087571728876     
   2043.2686911253115     
   2785.1715791488418     
   3175.5283364102092     
   3575.7393150451039     
   3894.6728393993490     
   3904.6633835611242     
   4187.8740685320827     
   4087.8176767904351     
   3691.1638369761886     
   4125.7492951219838     
   3951.7564161235573     
   4158.9330033328170     
   3932.9171272990307     
   2983.1998312155729     
   2543.7054250778747     
   2459.2723130702061     
   2108.2320906069958     
   1896.3129182080227     
   1090.8416945071631     
   822.97725479759299     
   597.52085097334304     
   728.01193206406390     
   907.78362225296451     
  0.37425130078256480     
  0.39029742773673765     
   129.10614959043394     
   563.66494050999472     
   987.84538249405341     
   1342.4446475379220     
   1820.9921471358698     
   2210.9536409045863     
   2544.1829809820720     
   1991.4178193605680     
   2384.6413139165575     
   2874.0197031668417     
   3259.0327222458386     
   3339.0866315801613     
   3649.8518692916709     
   4338.2628069898446     
   4200.0700281101081     
   4374.8118649666476     
   4206.6780612644643     
   3879.3225596833818     
   3613.5282823632278     
   3584.5375123038493     
   3364.4304473478132     
   3130.0499130267840     
   3036.9574766433916     
   2346.6325348983164     
   1909.8502620464621     
   1379.1335836000742     
   1175.3674336606982     
   1048.0502584326719     
   1107.9109859581181     
  0.58496190157441064     
  0.66231950784951343     
   938.79615370249621     
   899.88693453660198     
   763.49780556590554     
   973.37781677464727     
   1179.7837222056614     
   1348.3308337455085     
   1573.9567908837985     
   1680.6331588097669     
   2091.0429302732382     
   2564.2061742936280     
   2942.2900991627766     
   3523.6546385734814     
   3703.5291532216083     
   4002.6904460002474     
   4363.5064111093197     
   4127.2806311660715     
   3619.2822761149509     
   3243.3490605451107     
   2994.2401297676465     
   3165.9404329067561     
   2491.1207799601079     
   2180.9858410996335     
   2337.3208436647551     
   1585.5753186468503     
   1055.4181891575736     
   1046.2464968791376     
   711.34279483721093     
   720.10518750194831     
   508.32167598135590     
  0.21739469659099719     
  0.72577621818439031     
   574.94742771852236     
   745.01259674760854     
   819.85806720213975     
   1866.3889998228765     
   1731.7605240117905     
   1950.2963160225531     
   2244.1540722961308     
   1747.9495262572250     
   1713.7736640300107     
   2053.8972216329230     
   2716.0509779975100     
   3158.6402145961742     
   3674.3599011688675     
   4143.5928412734738     
   4241.3419977795411     
   4142.5229672866772     
   4062.8801275276787     
   3890.9949540280836     
   3192.6843672027021     
   2511.9877109204981     
   1874.0479994854907     
   2338.5520029450681     
   1699.7425382074528     
   1498.0555662387696     
   1515.4428641357520     
   2133.2360485983268     
   1820.8776971287018     
   1398.2970946039827     
   1101.4640942314008     
  0.42155472742770767     
  0.83438125922024542     
   808.76646442616141     
   983.88076712879445     
   1697.9770282031297     
   1292.1810202513243     
   1573.1402127953079     
   2420.5753040536756     
   2965.6209206665117     
   2673.3885726238191     
   2333.9778329082719     
   2765.1429140272248     
   3382.7906707737152     
   3805.1003263269622     
   3815.2473967972069     
   3702.2126447142991     
   3865.1010081007312     
   3902.3978201481773     
   3298.4848221978236     
   3962.5024568885669     
   3665.7300257834577     
   2791.8357762904593     
   2780.1856955908165     
   2718.0255163817396     
   2390.4493103081486     
   2390.1985052212144     
   2214.6298403356495     
   1466.4244067007685     
   1017.1735602368005     
   721.14464635257286     
   724.89053251276925     
   1.8874382005141282E-002
   5.6458412843434856E-002
   753.40984122235864     
   1261.9653675970096     
   1480.0608189659147     
   2062.5105991745345     
   2426.0969201226817     
   2141.4425068477067     
   2697.8843381734969     
   3129.0820737814101     
   3488.7133841846567     
   3760.3150177130810     
   3852.7358084072162     
   3162.3841219019928     
   3394.4028941643073     
   3213.5169108830819     
   3476.6879281598967     
   3486.0391114457043     
   2735.6625187420359     
   3392.6592954002158     
   4088.5942731524619     
   3614.6544500987270     
   3497.1655267663791     
   2958.0015751920801     
   3297.2898993892982     
   2646.8211320132627     
   2302.9356798186950     
   1996.9310541013319     
   1127.7326609950867     
   758.58374297540786     
   700.35430271857535     
   2.1347518801751227E-002
  0.63844424072527450     
   723.62407948034081     
   1242.0334080554339     
   1540.6102475852870     
   1821.0995150518229     
   1934.1913897471347     
   2266.7836787923893     
   2637.1175464119897     
   2385.5227820488758     
   2928.0887536907208     
   3214.2614804851828     
   3230.4467490964844     
   2616.7312657531261     
   2737.9310252384780     
   2719.2948703313155     
   3575.4373334587149     
   2768.6435640065392     
   2508.7377131288135     
   3523.5957005974237     
   3293.4754492587667     
   3179.9226572379507     
   2880.6126742343140     
   2427.4900348200654     
   2015.9180974291389     
   2175.6259288365782     
   2368.8408020716711     
   2063.1520955255746     
   1859.6432165965105     
   1467.5942620657768     
   1197.8051583615936     
  0.63491730467056717     
  0.38287504318031962     
   741.67411948105496     
   429.24941943917162     
   613.21904261217117     
   869.34505831502486     
   1075.6557765345362     
   1318.5391547336026     
   1700.4661506709572     
   2532.5920350001647     
   3215.5100025749771     
   2579.8813130043236     
   3372.8088974179464     
   2643.6594911158163     
   1830.4424525003931     
   3125.7632213579141     
   2990.0205885381934     
   2583.9216235685481     
   2436.3025044404817     
   3446.3310091497920     
   2757.8942046783213     
   3197.9052955952870     
   2351.4911054014615     
   1883.8058583155762     
   1565.2448942089675     
   1713.0545040067741     
   1608.3378434249216     
   1103.6855138241649     
   1007.0641519274878     
   1022.3358814301754     
   1000.8434243803924     
  0.23462314963587672     
  0.17891922153070447     
   559.01922852350481     
   1077.8326921914277     
   1462.5923975891392     
   1679.7973865325557     
   1916.4811583114226     
   1838.0661117253856     
   2568.9013239526139     
   2902.1501293544020     
   2860.8409994601461     
   2053.4952885469370     
   2732.1366423068575     
   2269.1027769709744     
   1928.4087997313666     
   2996.1859266891183     
   2532.2212204408002     
   2458.6697009960039     
   2379.0023707746113     
   2885.3755950998611     
   2329.8361561339084     
   3434.7139227010284     
   3043.9728536872253     
   2863.2124294869095     
   2003.2890468192479     
   1507.3518572095193     
   1290.2227400033428     
   1040.6249531652877     
   837.98774189247615     
   684.72079591638465     
   195.19539798638075     
  0.93956371922221860     
   7.1624512830520778E-002
   523.51098148630467     
   1236.5521340659832     
   1635.5530439398531     
   1888.6756379029430     
   2185.0085081665679     
   2796.7705603132322     
   3170.4164637200747     
   2243.5570542551909     
   2156.4856335276118     
   1904.7305210307527     
   2020.4167347174084     
   1588.9778330672757     
   1837.9144226892045     
   2842.0124378828868     
   1997.0706372001805     
   2170.0376767964240     
   2061.0014059578680     
   2637.6589862736273     
   2120.1859783037239     
   3068.9191397747782     
   2297.9034708143759     
   2625.4550057675260     
   2642.3298696074312     
   1846.1388155987709     
   2155.2138545288567     
   1620.0299686124119     
   1023.1638351059481     
   1175.6356742459204     
   985.17943139648230     
  0.50556145358108862     
  0.54365586800368726     
   216.85193977099019     
   640.09671875184267     
   1100.7419049688008     
   1404.2925524868742     
   1835.3575325028664     
   2487.3830880886894     
   2686.9779372482030     
   2589.0674303132951     
   1491.2869124790159     
   1471.4621141192051     
   957.74581828384134     
   1818.6148868941741     
   2690.1846003780352     
   2387.9748688387663     
   2122.6419569497943     
   1197.9263046629885     
   2062.7043940941480     
   2128.3887787491117     
   1824.4991530978466     
   2453.1175653319569     
   2210.6453026934792     
   1827.9768407119741     
   2286.1002368373097     
   2912.3966949968562     
   2878.2560391514216     
   2252.6719412809402     
   1432.3336082802537     
   1182.9152517426453     
   427.47260522192266     
  0.61098273171371376     
  0.53442727728988260     
   805.63129766563486     
   1371.5431814529979     
   1811.3252845431591     
   1968.8541264586936     
   2625.3154332745253     
   2295.5220340182068     
   2060.3716936399915     
   2237.9725044551851     
   2214.2165494884844     
   1071.8169450724426     
   1286.7120180849308     
   1946.6273297351881     
   2338.8223037833486     
   1803.0599551684986     
   2089.1829250769833     
   1290.6097452410900     
   1421.9795134253452     
   2010.4422531125297     
   1668.9097853067806     
   1964.0633346185607     
   1864.7419889409273     
   1509.4029138703961     
   2333.3895336935375     
   2206.5434614639180     
   2250.2813434546870     
   2215.0440420052355     
   1473.1364435115047     
   1136.9184160643033     
   786.24135409442044     
  0.78052973440526319     
  0.92378736951788309     
   329.27317088372530     
   805.38162707271033     
   1685.6655344148603     
   2189.2565285826513     
   2217.6427969815541     
   1679.4406770986902     
   1614.7651724626824     
   2354.2134020152466     
   1980.1660466125311     
   730.16465864944848     
   1244.6727078672468     
   2032.8681049370609     
   2004.3710089723061     
   1383.0170766150659     
   1983.3926877250451     
   1445.5781117850704     
   1226.2018100381135     
   1924.2853931911545     
   1039.2928223399651     
   1535.7318002356094     
   1585.9883188793738     
   1199.7671779740988     
   2033.3854484620404     
   2051.3888019484498     
   1562.0644410052435     
   2013.1259563003009     
   1689.3937055908295     
   1415.3135284485350     
   908.41613365906869     
  0.85546736380853750     
  0.56798756515879345     
   502.94885836867587     
   1365.1793713129339     
   1760.1556996689628     
   2305.1209662743581     
   1648.6377946781106     
   1485.3852010640135     
   1296.6299765475255     
   1752.2275919536562     
   1472.9170171009748     
   670.03146193475925     
   867.70284945762785     
   1647.0138952586183     
   2145.2148125510930     
   1126.9473814302121     
   1421.0454821608453     
   814.43052846545299     
   1143.9279554974830     
   1326.7564594842640     
   745.80758138681574     
   1778.1832118453817     
   944.06598322769548     
   1224.0724145728718     
   1434.9642874017638     
   1858.9169600655196     
   1148.2844723379642     
   1223.5919364107419     
   2150.6364852073389     
   1603.2668879862392     
   971.70464859642721     
  0.36916639936181034     
  0.63822940747429691     
   851.42155586170645     
   1570.3963265740754     
   1133.1143579116024     
   1497.1026947979510     
   1027.1802456668163     
   1259.5326301188411     
   756.49243037030362     
   1610.2752635990089     
   840.51177299414019     
   554.09786204609634     
   962.48046869378913     
   1183.2985491905538     
   1680.7061610052708     
   818.88203894746334     
   1207.5346955441632     
   564.33654469571547     
   1165.9546447381463     
   773.95397012165836     
   1074.5128503256772     
   1541.1140695688216     
   621.48370130893011     
   933.38459536405094     
   1106.4907182102083     
   1556.4545147613915     
   843.03212691717783     
   1108.6006187922833     
   1482.3351424461141     
   1779.1565231361890     
   1059.0937362014870     
  0.63096594739570755     
  0.18244182183857555     
   928.65226056057895     
   1127.2034941107827     
   730.71118066094175     
   983.38386411454667     
   535.71894694735124     
   927.81134542914492     
   937.60036823644850     
   1204.0324336700692     
   465.28727331552841     
   475.12290826496718     
   832.34032831290574     
   488.48099680862703     
   1112.4344415983369     
   665.86582998116933     
   944.93033964218296     
   450.75365946418918     
   1061.9817846649555     
   245.45356322209580     
   1163.1244492466167     
   1132.3576591253670     
   475.47288302981650     
   889.30041142041341     
   720.07653435650332     
   1171.7085576089025     
   564.02848372623532     
   940.80980245158082     
   1019.2129656853373     
   927.68874398417768     
   1098.3985868102368     
  0.43935079282355383     
  0.92772820345399398     
  0.67473666699321866     
  0.56184091566617578     
  0.71200883081334521     
  0.40373539112527973     
   9.7747859591429287E-002
  0.52224164788839011     
  0.17648850524455353     
  0.68429536274980174     
  0.12512857828089707     
  0.45687654545390538     
  0.97859070838643369     
  0.36392169814247072     
  0.38361634151292812     
   8.5367409731830907E-002
  0.48884113707313437     
  0.17327500208576652     
   6.7188271394027457E-002
  0.43216638986569184     
   4.1255282957519263E-002
  0.91571385416318707     
  0.33321334666492225     
  0.60236468485719574     
   9.3366712992509607E-002
   7.3085390429265817E-002
  0.34435399886059787     
   6.9972232800325260E-002
  0.61605509899471289     
  0.24641804763020231     
  0.27864055456512488     
  0.71626640017804410     
