  0.99755959009261719     
  0.74791603757811442     
   7.3750076366523740E-002
  0.34223240266120120     
  0.38676720862717301     
   1.6140682154597189E-002
  0.32303077263118596     
  0.96853568765264719     
  0.45687713294606613     
  0.75544260870378377     
  0.65822912053203386     
  0.97866086506688932     
  0.55087202586138362     
  0.97775313472619274     
  0.40246600221185602     
  0.67453414984975679     
  0.11585954880385911     
  0.73112626913715195     
  0.42151121859723689     
  0.99037731511894256     
  0.73402368711228305     
  0.70617965782182990     
   6.1731207343765374E-002
  0.13757322862872240     
  0.30381763759237251     
  0.50366454853843112     
  0.10128623191285495     
  0.79291369079405949     
  0.95354650575145949     
  0.59678065982964812     
  0.10057339249283215     
  0.55444870804951574     
   910.80886243341536     
   849.02449909400684     
   458.26020716427502     
   758.02226044095698     
   592.21828523846943     
   756.61929749617877     
   948.04909481139157     
   168.24192930394040     
   760.01841034161760     
   852.22028789721946     
   564.86155933813302     
   798.07326330259434     
   472.73938939116459     
   523.27809668472150     
   905.20706641288552     
   722.40051597818376     
   759.84833524412659     
   881.05185390617532     
   791.68313420635798     
   455.85114238023669     
   664.05358252367591     
   915.45824974620029     
   386.08660604771882     
   203.27307748588322     
   912.89546655207130     
   650.25198896062182     
   910.14798343766472     
   449.51294739846634     
   934.98707209758322     
   8.5516517991423763E-002
  0.61328656873478060     
   733.45729041444042     
   1386.4756624798911     
   1107.6693926999908     
   1567.0731852176625     
   817.73398021304877     
   1114.7331962302044     
   1146.6640369740389     
   337.14528192949615     
   1269.5815282896085     
   1397.0998674215114     
   532.62567613795090     
   1173.3980043874690     
   314.99965979316471     
   1271.4417134931596     
   1496.9815897624510     
   676.09849003287161     
   873.23903822543195     
   1518.8902172333562     
   1345.3507619339318     
   435.76912103927225     
   1274.8100816196841     
   1252.2897737829021     
   1206.6685202456210     
   812.06249806768324     
   972.70015009591475     
   1295.9348537654600     
   1405.6674438226098     
   1085.5889423082010     
   886.10616677630151     
   9.2815404260263759E-002
  0.36604068767323372     
   699.61616982511578     
   981.91797061280602     
   1874.4735698393122     
   1539.9962119565071     
   1069.3031101895356     
   1399.1850626768714     
   1410.3981600047621     
   514.42852583349554     
   1148.5345631302289     
   1535.8247607758874     
   807.50099572396107     
   1101.7470388774066     
   747.49636411036499     
   1575.8682814246883     
   1705.7002640370713     
   746.44237951217110     
   868.92393977771178     
   1684.7273806480305     
   1207.4984577183529     
   703.88033396851358     
   1497.5634867134115     
   1644.0937578155533     
   1825.6657567826121     
   723.01570227434559     
   1011.3982520624880     
   1777.0131119145356     
   1844.6614897056147     
   1539.3171675582469     
   725.71853174497312     
  0.39499741435888985     
  0.89108810184862264     
   491.87621348965138     
   1208.1081137531835     
   2150.1867665551790     
   2091.3410602721224     
   2012.9516969371223     
   1691.0650957322648     
   1647.7332297206583     
   837.16896732516659     
   1140.5360251239224     
   2016.3451557078554     
   1225.5219237655128     
   1389.8984079111908     
   977.22213235849870     
   2136.1317329041613     
   1418.3428173247714     
   844.76156405416884     
   1054.3223110092497     
   1604.6715415613971     
   1743.9412599116413     
   1294.1463767299197     
   1583.7094800515172     
   2329.9580073640500     
   1835.5867850277853     
   1280.5398734144155     
   2166.3445223204221     
   2500.3264832015243     
   2006.7307668234469     
   1362.6738298451351     
   797.19780150293127     
  0.48526495091719030     
  0.37892155993030485     
   693.60255728051152     
   896.57992479018662     
   1563.4709107827593     
   2128.9364295359564     
   2515.6815955340426     
   2376.1936637037084     
   1376.3827788027138     
   1759.6126223402985     
   1166.0681205646265     
   2267.3031719861151     
   1580.7990102877229     
   1490.1482941821730     
   1256.1538341243113     
   2190.1772714690169     
   1461.1922779754839     
   729.95397803317280     
   1306.8019566160556     
   2053.8022205859093     
   2336.8615466505266     
   1959.3306960200650     
   1630.3394396851202     
   2218.1381413865452     
   2121.0715493013909     
   1600.1142913633307     
   2570.8824781583112     
   2094.3891809580455     
   1263.6838468319440     
   1161.9089985334897     
   1097.9127507975134     
  0.83466540817174983     
  0.46430244579409546     
   817.59139895569956     
   1074.1592552014715     
   1245.8369826952439     
   1307.6449872485371     
   1803.9271308944992     
   2655.8615148314370     
   1859.9846019714018     
   1859.4870414426562     
   2007.9750160988681     
   2524.4043328167113     
   1993.1929093886092     
   1653.6281961075158     
   1399.7266729620596     
   2308.1471191158453     
   1403.4620560734390     
   1466.2397518789321     
   860.00537159607438     
   1535.9787778830844     
   2255.2744695692136     
   2256.4142434765845     
   1786.0662644369174     
   2663.7033197398850     
   2259.8146730685080     
   2235.2792687662909     
   2481.5647275001875     
   2233.1824790165483     
   1662.6268765421407     
   1625.4421090955809     
   825.33596791783691     
  0.21642072563346740     
  0.63501354582458325     
   848.05302031110705     
   1095.0801625020381     
   1397.1901075944113     
   1552.8931111074673     
   1983.8798940522622     
   2674.2550046392507     
   3093.1243201668644     
   2445.0598405806600     
   2242.2318937818918     
   3127.3372911730171     
   2752.5467474844149     
   1935.5782059941387     
   1345.6482239822697     
   2459.8976374747608     
   1702.7014602329593     
   1936.9329739043972     
   1739.1673353410663     
   1386.2297106246499     
   2146.9982192942489     
   2477.7686321687738     
   2472.6750658503579     
   3192.0654436465675     
   3064.7003095411055     
   2455.1762149968713     
   1977.2717989829046     
   1112.6985413202447     
   801.68152396962239     
   521.18069363966731     
   641.58142486346026     
  0.64764475247292741     
  0.19491440108718233     
   519.57025956528423     
   731.53486559675866     
   876.96880537807431     
   1712.6863443813686     
   2048.3540115587471     
   1709.0887531238027     
   2661.3966890667352     
   3155.2844530162879     
   2847.4584648461328     
   3342.2221591662114     
   2535.6195037447733     
   1936.7566964953007     
   1874.8736242514299     
   2527.5078662820729     
   2580.2004818153214     
   2401.7572595552829     
   1796.4337277418103     
   1576.5682543709086     
   2288.1421404794955     
   2921.7275443122830     
   3073.9928970503033     
   3154.8870766566347     
   2422.3169445410967     
   2169.8707552658116     
   1641.8637790455446     
   2033.1649380444589     
   1645.1797188470055     
   1334.5992184471108     
   691.40580928105169     
   5.6057447725972154E-002
  0.37725438719208126     
   505.47557823810888     
   958.23485675210384     
   1121.2435633543610     
   1073.3530053982922     
   1124.3690763342536     
   2061.4294918986056     
   2068.6373535690927     
   2709.5541432625973     
   3252.8011743418365     
   3372.1438562158914     
   2640.9097505053310     
   2780.1198432806964     
   1850.7255926398027     
   2789.2715494248669     
   3170.9501087846611     
   2882.0025088417806     
   1765.2856301292329     
   1936.3775731329099     
   2086.8121617245047     
   2962.9975875080158     
   3681.7609511134206     
   3413.5582265154317     
   3207.5902049682850     
   2884.5399137680120     
   2583.1990459858921     
   2223.0271103466584     
   1520.0464316230580     
   1172.9015236940629     
   1021.8906663205863     
  0.69853764813562769     
  0.35876467618740138     
   668.23864901838328     
   928.57707363266331     
   1597.7753809755700     
   1495.2037401166090     
   1553.3385081061217     
   1561.1616783072527     
   1808.5409209781708     
   2253.5498888393154     
   2757.6114880397986     
   3560.4986428620082     
   3706.1208748862764     
   2852.6245771770245     
   2209.9216852388604     
   3114.0507028990064     
   3131.1724163685271     
   2287.6155025014327     
   1722.6033181027533     
   2530.4456832457295     
   2641.9513650081776     
   3553.8342111649772     
   2774.2660775081517     
   2254.8219868052629     
   2472.7848223135970     
   1785.9452299832858     
   1716.3163093808109     
   1594.3205218946109     
   1631.0270537674667     
   1306.5332323647672     
   986.57203255328545     
  0.77871823935663254     
  0.21439383427931769     
   701.73540206914379     
   1084.9991997519910     
   1942.0163057469247     
   2257.1366173225770     
   2315.9530665342081     
   2027.9935166685596     
   2146.8201793097028     
   1991.8673088825815     
   2285.1692776307605     
   2768.9695350856691     
   3411.7951268121660     
   3465.0305466552090     
   2522.2104555584365     
   3626.8716621067406     
   2802.6116866778793     
   2090.1665270102317     
   1972.1885780362325     
   2803.5698764004101     
   3351.4742654186343     
   3425.7420297234230     
   3162.9160688053967     
   2417.3367453580149     
   2019.1564207377821     
   1420.4627190285478     
   1412.2149530413201     
   1298.3796845084410     
   875.28045277457738     
   1287.4584875925930     
   1051.0259582941096     
  0.18434977693412150     
  0.48930872816223636     
   697.77675369364158     
   1222.1912735727999     
   1306.2132428410650     
   1666.7685847325508     
   2530.6270491255405     
   2981.2528178117627     
   2979.2431668978493     
   2862.8790842368662     
   3147.4475142192819     
   3393.4530876531207     
   3895.4543281803590     
   3652.7483323969177     
   2935.3940411782669     
   3683.2584884917123     
   2764.9441138476741     
   2366.9253314069674     
   2258.1155414311656     
   3067.3710702887342     
   3767.5751416624835     
   3284.7860282673205     
   3125.4743421674802     
   3160.6769260300803     
   2688.8337185504038     
   2296.6498992632219     
   2221.4660184262916     
   1398.5010619177924     
   904.32274475766405     
   386.12411552110314     
   218.98132425238126     
  0.14081257601236682     
  0.14315271556702605     
   662.20781339790210     
   921.08017240713320     
   1199.0848419355359     
   1483.3791876923622     
   2079.7663614133971     
   2145.3789113720686     
   2427.9270352276026     
   2347.2052081213137     
   2544.7300642890377     
   3426.1526588687511     
   3908.1234466510264     
   4376.9787426609710     
   3570.5202615127355     
   3765.7059410910292     
   3176.0105255394351     
   3058.7754991478528     
   2809.2833662214466     
   3176.6350271963802     
   3724.8051194807458     
   2994.2624231240279     
   2247.3979363461863     
   2417.7818468291930     
   2137.4040591792873     
   1552.8034840451646     
   1956.9099540938093     
   1958.5595067927582     
   1516.3228351515436     
   1158.4755583533674     
   884.11780532937894     
  0.16069996358628391     
  0.58160254049373716     
   539.10970437206470     
   726.82887912792273     
   855.78203487168332     
   844.50317968437946     
   1045.7143716226749     
   1251.6858333998323     
   1966.9624629305351     
   2654.4378218613929     
   3016.7862791202724     
   3441.9591814905730     
   3708.8581513443664     
   3734.4377111129488     
   4046.7052143923174     
   3979.3001732947482     
   3392.5415629818285     
   4247.5186425309366     
   3735.5397772045994     
   4120.9743275523779     
   4070.6191087041461     
   2927.1442075138689     
   2576.1004737841222     
   2373.3458625652538     
   2085.7416953048673     
   1884.5382600725331     
   1108.9680068401126     
   841.13023631860210     
   611.28133209672660     
   735.67863587957129     
   910.33632340673842     
  0.37425130078256480     
  0.39029742773673765     
   125.06766190953473     
   561.11951310459096     
   987.98461063298862     
   1328.0493313442437     
   1778.7910277877604     
   2122.8154189559796     
   2429.8929057327277     
   1900.6461828995464     
   2256.2710683389409     
   2661.7120077082400     
   2970.7277679321196     
   3067.0479758579772     
   3335.7999725753793     
   4654.6770718171592     
   4151.0455425655573     
   4748.0463800189236     
   4192.3389835631060     
   3724.9444918952790     
   3248.1446566024115     
   3521.2749067799118     
   3087.0889493561444     
   2858.4559979787718     
   2927.5614306790831     
   2291.4477859518374     
   1873.0245047084672     
   1340.2991412884105     
   1150.3532436048440     
   1031.6086970784731     
   1103.2550589546070     
  0.58496190157441064     
  0.66231950784951343     
   922.93835685722684     
   824.26927238728217     
   720.35126964794119     
   965.16187600633327     
   1166.0952773916133     
   1323.6139151749187     
   1531.8814840852606     
   1628.0561367584598     
   1992.2609501686738     
   2391.7239458413874     
   2707.7327824730323     
   3257.3210894079830     
   3496.6092171017954     
   3904.8407003789584     
   4756.3720982257446     
   3980.8561923986158     
   3304.4915030796483     
   3065.1331072838220     
   2724.7676798586881     
   2911.0693205552388     
   2280.0825232181505     
   2004.3631099374822     
   2127.0767086180326     
   1573.4731604819121     
   1032.4954180350910     
   1008.1597294601199     
   674.19870975472338     
   704.82490722727800     
   500.12863987239331     
  0.21739469659099719     
  0.72577621818439031     
   604.84941104846803     
   820.51276290676992     
   980.40985476563810     
   1903.2793043564386     
   1582.9867199076621     
   1795.4983841911467     
   2111.7485527691524     
   1680.7960508598242     
   1652.4420372169832     
   1961.4349030243247     
   2582.3577982346014     
   2925.3699563103705     
   3445.0036241456983     
   4204.5406305897977     
   4437.2607104968129     
   4188.2230842652370     
   4014.9009441299822     
   3677.5020685969080     
   2928.7210339415810     
   2349.6158716453610     
   1744.4556887383571     
   2157.2949610948026     
   1646.4499291816626     
   1395.9044828806418     
   1399.8763538227058     
   2030.1839020315113     
   1875.3189921894480     
   1411.0907717493985     
   1096.3779815460393     
  0.42155472742770767     
  0.83438125922024542     
   833.55819236147227     
   1018.6948336453945     
   1840.5905437993476     
   1576.7363070957733     
   1973.8293142341470     
   2431.2428537532774     
   2861.2263760333990     
   2210.0696796634124     
   2112.8416901609385     
   2551.6264575103064     
   3145.7668356843087     
   3684.8298374772835     
   3744.4231096775802     
   3520.0596520811632     
   3741.0728394196708     
   3778.4649760457605     
   3070.8427477873861     
   3884.0032901008294     
   3477.4190022428179     
   2416.6108115339853     
   2490.5454001061257     
   2385.1599058444626     
   2137.9872418563496     
   1799.7659740302636     
   2141.3031353372758     
   1864.9529179666465     
   1228.2542196466300     
   850.12662101514934     
   787.90492561656833     
   1.8874382005141282E-002
   5.6458412843434856E-002
   757.73420837462390     
   1306.7740587140468     
   1567.4925191545981     
   2363.6851668006070     
   2686.1691529703030     
   2775.2439332138883     
   3401.8646031180169     
   3071.7215666019897     
   2964.8005262034453     
   3462.2061318209853     
   3751.8588918038922     
   2977.5375222731818     
   3218.3035835965829     
   2993.8883729918298     
   3272.5083263431243     
   3319.4375146365755     
   2561.4008355500641     
   3129.9622603941993     
   4061.6620759305379     
   3092.9207837879112     
   3359.3674982414359     
   3119.6281737968116     
   3001.3428162358073     
   2790.0602850927917     
   2862.2451118480790     
   2255.3355634520381     
   1251.0170844188985     
   817.73864706489667     
   727.80324603394661     
   2.1347518801751227E-002
  0.63844424072527450     
   727.13993742706577     
   1277.5490062758479     
   1501.4175095728920     
   1726.7180576328337     
   1821.3798506839832     
   2178.3057549204686     
   2438.8225419645323     
   2400.1048623237443     
   3106.8117285193266     
   2973.8209971896886     
   3013.3116963546290     
   2449.7426397465574     
   2571.0891924302932     
   2549.7231131070298     
   3402.6936335501387     
   2558.1572039312468     
   2336.9263921305801     
   3164.6653574576617     
   3527.2595717163717     
   3138.1322262080294     
   2851.3054986494417     
   2418.3668923158011     
   1942.3936304299302     
   1955.6271660338114     
   2155.6853522912538     
   1811.5535478002316     
   1933.8051786886067     
   1515.8917117831611     
   1213.1289985497572     
  0.63491730467056717     
  0.38287504318031962     
   733.91738359575072     
   413.37682610683657     
   590.68969922029635     
   838.27608809621631     
   1043.4625801473996     
   1281.2489029165281     
   1679.5136309060649     
   2517.1005033697402     
   3026.9210415656130     
   2397.8220726114350     
   3194.1819894513446     
   2502.5204773047976     
   1741.7087365374966     
   2854.3604474418466     
   3248.6687545109826     
   2288.5334991723425     
   2287.8344760250052     
   3230.5829560635075     
   2849.8594076111467     
   3141.8825921126204     
   2298.0321094272826     
   1844.8603216463102     
   1533.3961154710616     
   1648.0058220645622     
   1556.9972382770854     
   1042.8479637306614     
   989.98266176927075     
   1012.7084295593332     
   1003.7094719802442     
  0.23462314963587672     
  0.17891922153070447     
   456.71284612528342     
   914.53595488318433     
   1347.7169318842882     
   1637.9686088140850     
   1874.2163065827176     
   1772.4811948352353     
   2518.0433383551699     
   2853.7105880376666     
   2648.5429849209636     
   1940.7311260343631     
   2570.5385528189340     
   2152.6530372060993     
   1832.9921767576566     
   2752.4547797275050     
   2640.1827247322722     
   2366.2838564912258     
   2262.2452287873157     
   2873.4701472900060     
   2376.0829480108587     
   3509.3164271224305     
   3091.0111926853629     
   2773.1088270547984     
   1932.5204109438041     
   1469.9649980969655     
   1245.9376364531502     
   949.76042104487715     
   838.84013535698398     
   684.58012674135534     
   194.31943571407794     
  0.93956371922221860     
   7.1624512830520778E-002
   640.25985999629336     
   1412.1869095261848     
   1451.8698720809766     
   1794.6545391090174     
   2134.5271925106026     
   2697.5117924504952     
   2933.8403865312603     
   2152.9586753854974     
   2014.8572414412522     
   1806.6602622356809     
   1922.8963459360389     
   1523.6288569261019     
   1714.0219268243663     
   2738.5952147652970     
   2034.2046005676991     
   2096.3804517003209     
   2067.9461236814545     
   2606.5937710556286     
   2124.5512772305260     
   3051.7550349754010     
   2281.1681376926572     
   2609.1791944564557     
   2502.8082496816487     
   1798.8365410899080     
   1912.7921463150194     
   1796.5046573600403     
   1191.9309303661685     
   1194.7166624340828     
   985.46488722083564     
  0.50556145358108862     
  0.54365586800368726     
   210.26555154452382     
   623.92431187560339     
   1060.9099613367744     
   1393.6318995513902     
   1732.8545737879879     
   2428.0689837767436     
   2961.6635337885546     
   2097.3030069452921     
   1333.0651463573686     
   1415.2321674099717     
   916.36079021319370     
   1660.7391590527914     
   2368.8481916532319     
   2756.4317437174313     
   1894.6886570947979     
   1188.8601286716166     
   1985.4402943104151     
   2156.8701791756112     
   1810.7481793927720     
   2839.4298714366396     
   2158.1817204361778     
   1805.6974078686312     
   2184.1808906809524     
   2877.6672746507370     
   2940.1714947332007     
   2260.7492883144646     
   1426.5712692029920     
   1181.7552204661374     
   424.59082599961260     
  0.61098273171371376     
  0.53442727728988260     
   807.49995135694508     
   1361.4748842793713     
   1860.8424052396683     
   1875.9155414685529     
   2558.7986360217214     
   2470.8504412067100     
   2146.7543816933703     
   2476.1712969186287     
   2061.1602043071580     
   1031.7168161048637     
   1246.9869360042283     
   1905.9914634834704     
   2530.3794666213207     
   2039.2721546211035     
   1986.8850955489982     
   1264.8424325021642     
   1395.1677321368143     
   1994.8521852015233     
   1676.9124207809780     
   2192.3594558563800     
   1743.7345048774641     
   1487.3412903984765     
   2059.0087252074345     
   2158.3002651827405     
   2230.1283941409956     
   2213.0422346420473     
   1473.4651813428277     
   1136.6183506788580     
   786.04672284374078     
  0.78052973440526319     
  0.92378736951788309     
   328.50725582539695     
   809.54210930622548     
   1688.2790761855758     
   2212.8704879435586     
   2142.1685641046306     
   1688.6837820141432     
   1673.9644400621858     
   2457.7362930230902     
   1804.3087400040822     
   694.74232053288074     
   1191.4791100906084     
   1859.4705244453858     
   2100.7967639245867     
   1516.1887363596613     
   2077.7421756152630     
   1400.7431328735972     
   1199.1318512918633     
   1908.1773314846096     
   1052.2308487549117     
   1626.5468233765605     
   1592.8713255729517     
   1150.0496190101753     
   2009.0594944821471     
   2029.3809711987662     
   1530.5119094330441     
   2001.0048264269276     
   1683.8953583213088     
   1420.0629272622100     
   914.62523354548284     
  0.85546736380853750     
  0.56798756515879345     
   503.16063519628835     
   1370.9067395595632     
   1775.8269576905589     
   2312.9431884889950     
   1845.3822870954252     
   1420.4313306468421     
   1275.0784468156455     
   1956.9788874000913     
   1704.5536169697623     
   671.14955298484540     
   714.25953900843797     
   1403.0580532976728     
   2214.0828662624849     
   1183.3978387187517     
   1475.1774825787643     
   826.35755197140122     
   1139.8149049689168     
   1341.7970963960179     
   754.95572470443005     
   1740.0784058237566     
   946.49119027675454     
   1218.4941551428319     
   1622.9634243438531     
   1853.7694546721707     
   1124.5554189146094     
   1154.6400918287432     
   2224.7813123759693     
   1618.7580981000858     
   973.69672230711956     
  0.36916639936181034     
  0.63822940747429691     
   852.22271318779553     
   1576.1713010365606     
   1135.1176899651878     
   1511.3070612228298     
   976.83865562698315     
   1280.1351001513822     
   745.43260020811772     
   1712.7446520172364     
   1020.0357628344724     
   538.90361901541542     
   852.60005464812605     
   1299.2242413763051     
   1714.4071970836162     
   853.27325891373437     
   1230.4720591932894     
   560.27069523105513     
   1155.3593825951564     
   779.38445942325825     
   1080.6953042980301     
   1545.0008855249230     
   620.88220435059793     
   935.58052929719440     
   1185.5290538203828     
   1611.6679323280830     
   829.16734496807078     
   1095.2809682313621     
   1524.4531912716322     
   1788.2252142090647     
   1059.8295910990416     
  0.63096594739570755     
  0.18244182183857555     
   929.11516602192444     
   1128.5313620349477     
   731.12932351319205     
   993.08175643300990     
   552.67455168982508     
   933.31892942391937     
   941.31961929846739     
   1215.8558608378330     
   550.41329154474079     
   443.54799049401726     
   816.80183250724099     
   590.45817606221374     
   1126.9574098527191     
   682.37005535050048     
   955.39409590691184     
   447.54601280226046     
   1043.8876679069099     
   247.49256591998366     
   1166.0545082713261     
   1137.9141173805870     
   475.40420060116622     
   891.45093637374964     
   756.25603982507710     
   1177.9818520765477     
   556.84510834760226     
   936.69271266619523     
   1027.6678324185898     
   928.71425099662770     
   1098.9013201255605     
  0.43935079282355383     
  0.92772820345399398     
  0.67473666699321866     
  0.56184091566617578     
  0.71200883081334521     
  0.40373539112527973     
   9.7747859591429287E-002
  0.52224164788839011     
  0.17648850524455353     
  0.68429536274980174     
  0.12512857828089707     
  0.45687654545390538     
  0.97859070838643369     
  0.36392169814247072     
  0.38361634151292812     
   8.5367409731830907E-002
  0.48884113707313437     
  0.17327500208576652     
   6.7188271394027457E-002
  0.43216638986569184     
   4.1255282957519263E-002
  0.91571385416318707     
  0.33321334666492225     
  0.60236468485719574     
   9.3366712992509607E-002
   7.3085390429265817E-002
  0.34435399886059787     
   6.9972232800325260E-002
  0.61605509899471289     
  0.24641804763020231     
  0.27864055456512488     
  0.71626640017804410     
