  0.99755959009261719     
  0.74791603757811442     
   7.3750076366523740E-002
  0.34223240266120120     
  0.38676720862717301     
   1.6140682154597189E-002
  0.32303077263118596     
  0.96853568765264719     
  0.45687713294606613     
  0.75544260870378377     
  0.65822912053203386     
  0.97866086506688932     
  0.55087202586138362     
  0.97775313472619274     
  0.40246600221185602     
  0.67453414984975679     
  0.11585954880385911     
  0.73112626913715195     
  0.42151121859723689     
  0.99037731511894256     
  0.73402368711228305     
  0.70617965782182990     
   6.1731207343765374E-002
  0.13757322862872240     
  0.30381763759237251     
  0.50366454853843112     
  0.10128623191285495     
  0.79291369079405949     
  0.95354650575145949     
  0.59678065982964812     
  0.10057339249283215     
  0.55444870804951574     
   910.81718023320309     
   849.08588795647177     
   458.29819865199357     
   758.04267100256754     
   592.18777943768271     
   756.61805305129337     
   947.97004276676637     
   167.62649501628565     
   759.98875641150664     
   865.34026187111567     
   583.22373976269489     
   796.44577742099386     
   469.44057757532346     
   569.76594330351918     
   903.24726579294099     
   720.31825094888609     
   759.39391159709419     
   881.24627955043695     
   792.01765856199756     
   457.13012215821288     
   664.09180868327030     
   916.96449108182617     
   388.95770386292486     
   201.02044155483156     
   911.06783610508273     
   659.43172980220697     
   910.79572364886189     
   449.51496970487210     
   934.99174452640045     
   8.5516517991423763E-002
  0.61328656873478060     
   733.46658492523636     
   1386.7453589577210     
   1108.1088593507193     
   1564.7433457986856     
   817.48423333554263     
   1114.6080523795081     
   1145.2059912041655     
   335.63357585628916     
   1268.4869424756491     
   1418.8926863157928     
   577.00214047218742     
   1171.6723536485647     
   307.22756428343524     
   1338.6434622850948     
   1572.9365497981648     
   674.63583075877136     
   871.68741561607499     
   1519.1553512942437     
   1347.6655906426604     
   439.59744387030617     
   1272.1966330330260     
   1263.6710698649622     
   1212.4602564096633     
   806.40016098309991     
   957.18642139140786     
   1316.2537005914094     
   1417.3696716099737     
   1085.6357168620048     
   886.11531432230504     
   9.2815404260263759E-002
  0.36604068767323372     
   699.62022230304217     
   981.94196417618116     
   1874.2957068136379     
   1539.1028313640393     
   1068.9471839299570     
   1398.6184568595129     
   1408.0538920881822     
   511.76623702914446     
   1146.1891466235377     
   1596.1036984158627     
   886.72445519466362     
   1091.6563156630814     
   736.03752287429188     
   1431.4513426554411     
   1598.0549144992528     
   724.53765498520443     
   866.94315341995264     
   1682.4024166534166     
   1213.8043230640526     
   711.05999127969631     
   1502.6607112158506     
   1669.4719160048330     
   1823.7432067320372     
   716.78740274605821     
   967.92326187358083     
   1794.8706539272334     
   1865.5598289600041     
   1539.4546486196855     
   725.72792751735847     
  0.39499741435888985     
  0.89108810184862264     
   491.87970574261033     
   1208.1949712794274     
   2151.3186029181857     
   2089.3949711793093     
   2010.8826835323330     
   1690.0053166877769     
   1645.6019238033259     
   834.43745050612654     
   1132.6971362541831     
   2113.1577821085357     
   1379.1261100744064     
   1374.9927923994076     
   958.60851253987016     
   2100.4170400742578     
   1410.3251577429201     
   841.83806230445191     
   1054.4413795818400     
   1603.2428255658535     
   1751.6600732294851     
   1306.1369150615938     
   1598.9128073399322     
   2345.0896905040513     
   1772.9360915219052     
   1272.6746925730133     
   2131.1424092039092     
   2418.4521615083750     
   2013.0021160508963     
   1363.7806366245825     
   797.36200887509756     
  0.48526495091719030     
  0.37892155993030485     
   693.61671298312524     
   896.67118742007017     
   1564.1827590990001     
   2140.6543520401310     
   2516.7288126053404     
   2374.8966997408625     
   1378.8093459399079     
   1756.2707416373426     
   1155.7430498013230     
   2268.7636496163746     
   1831.0981925022288     
   1465.6124380421427     
   1232.7404934335780     
   2176.4438628487737     
   1458.5198200263706     
   728.68028616898880     
   1271.8861770559065     
   2051.1109636770170     
   2351.8655341761628     
   1978.7888118451592     
   1649.6410180352716     
   2232.6201836234186     
   2110.0503183328055     
   1591.4416928813578     
   2558.1952153431221     
   2098.6049940618609     
   1264.8950699710369     
   1162.8050821207082     
   1098.3401573243955     
  0.83466540817174983     
  0.46430244579409546     
   819.03649490435555     
   1077.9007546559526     
   1252.4065348282850     
   1318.0429846293544     
   1816.7325490252117     
   2668.6330833256020     
   1869.9307194306657     
   1847.1550105234826     
   1987.7515368389618     
   2548.2008143300022     
   2402.0763592246940     
   1548.6101656512540     
   1370.4687172956531     
   2300.9234486970649     
   1405.4359009211707     
   1464.4244734685333     
   854.28338548205022     
   1525.3998204535114     
   2234.6835033391385     
   2282.1697962049743     
   1811.8584810332025     
   2678.7646655002113     
   2248.8886671650180     
   2224.4153275224671     
   2471.6159627072720     
   2228.0823955098695     
   1660.7795935090014     
   1624.0839559249296     
   825.31446738708701     
  0.21642072563346740     
  0.63501354582458325     
   849.51100495844673     
   1098.5005397900734     
   1402.8676171415652     
   1608.7595578981327     
   2058.9724098822985     
   2548.3687619764378     
   3037.7913534553891     
   2435.6391896672571     
   2228.2474727569443     
   3244.0857906132842     
   2529.5338013262917     
   1844.9775434300414     
   1309.9510818464871     
   2422.9991952084742     
   1711.4910394760327     
   1949.8964317677382     
   1726.7203689917135     
   1375.6989095692597     
   2126.2847930294956     
   2536.8371755835346     
   2509.7394212565882     
   3211.6191578616622     
   3051.7433892013701     
   2443.1624313532034     
   1969.2866794465551     
   1109.7596416278457     
   800.19318275126057     
   520.54776026746947     
   641.03396836903448     
  0.64764475247292741     
  0.19491440108718233     
   518.50307449490435     
   729.27066681062252     
   872.74992480751837     
   1698.0674526209000     
   2032.1070188408946     
   1686.5025579484200     
   2626.2237674163662     
   3141.0032489194577     
   2838.4848158663358     
   3165.2448022388444     
   2418.8336740505652     
   1878.2010599413516     
   1831.7459892745121     
   2474.6058613791438     
   2637.2142316427762     
   2426.0639985907201     
   1780.4791803955304     
   1562.4151467603176     
   2261.3732105353788     
   2988.7514557692921     
   3160.3436641834314     
   3143.3689192284514     
   2410.1858634629084     
   2158.7651121928607     
   1633.0407722064992     
   2025.6482612384373     
   1633.8877806454004     
   1333.4641639835436     
   691.15630669060886     
   5.6057447725972154E-002
  0.37725438719208126     
   505.32973547527854     
   954.06177024760927     
   1108.4895306599522     
   1070.8768030551994     
   1116.5040743836221     
   2054.4935936231359     
   2068.0224353431527     
   2704.4285320925796     
   3252.9044876174858     
   3199.8719440766135     
   2530.2835722602222     
   2709.6780407222682     
   1806.0477270536630     
   2699.4955329796976     
   3219.4189459937393     
   2821.0607106675388     
   1745.6776718476835     
   1911.1217757787658     
   2071.2444246715895     
   2707.0539012520376     
   3655.9617204811752     
   3407.1635935868426     
   3193.3493188717366     
   2861.3365866359850     
   2554.6094771191242     
   2312.2862310994597     
   1571.7067334069698     
   1196.5010096062749     
   1030.8457211514617     
  0.69853764813562769     
  0.35876467618740138     
   686.59462539002595     
   1017.8924178125815     
   1823.4360533967044     
   1488.1038196582820     
   1548.5600164044845     
   1557.7564321185268     
   1812.5472905706335     
   2264.2095254976184     
   2776.3739194371578     
   3592.6236576498563     
   3573.6052541520849     
   2765.9591939083566     
   2158.4108624732803     
   3039.5963328074167     
   3081.7447148207566     
   2262.8796240025772     
   1707.3475940221078     
   2487.8456186972439     
   2586.8600971906153     
   3455.7816885821985     
   2822.4558266344156     
   2253.5049029724255     
   2472.7403325202786     
   1781.3571744474807     
   1705.5379793384125     
   1541.4201513613921     
   1673.8011413964118     
   1328.0370236512920     
   996.81321086558444     
  0.77871823935663254     
  0.21439383427931769     
   699.18583061657898     
   1068.0005988100547     
   1926.8803185895065     
   2295.3432900128118     
   2295.3275578559183     
   1967.1639311949034     
   2152.9914613387023     
   2002.3700099867701     
   2302.7589913683764     
   2805.2467696993958     
   3492.8230075012493     
   3345.2346839378347     
   2461.5807760691118     
   3534.5131562262800     
   2764.2173174184659     
   2070.4931682251699     
   1954.0373835159569     
   2765.0040716879053     
   3259.0678730606819     
   3475.7721334924740     
   3180.9476726262233     
   2419.7991311057435     
   2018.0005267098441     
   1415.5852732189549     
   1406.2671935359547     
   1293.4525959335090     
   872.54258604558834     
   1287.2216293461727     
   1051.0722866511419     
  0.18434977693412150     
  0.48930872816223636     
   705.87807061760600     
   1245.4225094048061     
   1315.3299406793076     
   1730.6006050350525     
   2620.2740703612158     
   2866.7516263672978     
   2972.1592620443530     
   2874.4454334604834     
   3158.0173554468565     
   3434.6678051580243     
   3989.8690060534486     
   3497.4786394439002     
   2857.4029377109318     
   3647.3382010245696     
   2741.5034056244367     
   2341.8469302092963     
   2235.3817637274992     
   3013.9716549157092     
   3712.6481175005110     
   3332.7811777585598     
   3164.0043354549812     
   3164.3723553732812     
   2688.8824435190072     
   2300.0503742092928     
   2220.4613366293647     
   1396.3161673412528     
   902.48508288209018     
   384.24176132215905     
   217.95399185172485     
  0.14081257601236682     
  0.14315271556702605     
   676.46881945324549     
   948.80678058350350     
   1245.4256344276901     
   1671.6748811448037     
   2009.7546608291796     
   2022.8477465165911     
   2392.4880963592605     
   2317.9250318583117     
   2498.9110198600383     
   3392.6520485694136     
   3874.9906045074194     
   4244.0158822751555     
   3457.2494055212796     
   3885.4408351491093     
   3131.8466898690172     
   3015.4487046679860     
   2771.3091284072334     
   3121.1182545421771     
   3790.9385157487422     
   3040.5672846849720     
   2283.1736088734406     
   2446.5860627900106     
   2162.2763966230273     
   1569.1804185650633     
   1972.2635088845691     
   1967.2745873652264     
   1516.5622194454427     
   1160.5180880438290     
   885.49238090544554     
  0.16069996358628391     
  0.58160254049373716     
   535.22119515454585     
   720.98144836805830     
   846.84874209062116     
   828.15654308962417     
   1027.3020536607733     
   1233.5533847653171     
   1939.4076068606798     
   2624.4663602529072     
   2986.6316485612183     
   3406.8261424095831     
   3666.3033474461699     
   3684.4128627844107     
   3974.7237158853627     
   3870.5920610634134     
   3334.3194420538625     
   4152.7280782418329     
   3659.8388669436272     
   3989.3751912121184     
   4068.6111592768184     
   2910.6190490465551     
   2609.7126250629840     
   2384.4545553523603     
   2113.5715049789155     
   1900.3944233282205     
   1120.2791116666965     
   849.37172431799866     
   616.81706081296250     
   739.60651774920359     
   911.98510558017585     
  0.37425130078256480     
  0.39029742773673765     
   123.56360552132683     
   553.64389136809336     
   966.73857747129261     
   1304.9425408757497     
   1761.5804679531504     
   2103.6626153810594     
   2416.3132218321630     
   1877.0527750065989     
   2239.2874189550648     
   2644.3911499265469     
   2948.3512888941868     
   3039.8070047407277     
   3290.1634219153775     
   4500.8983712356894     
   4060.6089432717695     
   4629.5054659475445     
   4066.5197650428222     
   3651.2797275994822     
   3088.9617183938058     
   3550.9892406859049     
   3039.5450185682216     
   2824.7368801260855     
   2800.8313870336265     
   2304.9834022555156     
   1836.7392803275736     
   1328.6219093786253     
   1143.2823881791296     
   1026.9806049714125     
   1102.1959501261319     
  0.58496190157441064     
  0.66231950784951343     
   922.61623099429676     
   809.56658443310118     
   700.35160892508179     
   938.74561069806555     
   1136.3381908205181     
   1292.4818185270396     
   1503.1836976989089     
   1600.6880282531586     
   1970.9901319261203     
   2372.8571872779989     
   2688.3267090549866     
   3232.2954530313655     
   3472.7026543679299     
   3886.6052842979439     
   4676.2762588992555     
   3873.1922393372638     
   3231.6318250035270     
   3010.1962324866363     
   2665.1200506671867     
   2845.0101709799460     
   2246.9998476651367     
   1971.2828023725508     
   2067.8909240003591     
   1604.2803480339196     
   1028.1606053741255     
   994.91160821930760     
   658.82660188590523     
   700.21742389443693     
   497.64408150139161     
  0.21739469659099719     
  0.72577621818439031     
   626.66977357050234     
   878.88873211023588     
   1113.0720396858396     
   1911.8345005024016     
   1441.0098912502147     
   1715.8097704092836     
   2087.1641857007698     
   1654.2430594547777     
   1625.7183931696838     
   1940.5811467093995     
   2568.7806473687087     
   2911.1710607651248     
   3422.6735373213819     
   4155.6530060866744     
   4362.4986524021379     
   4176.4731678808776     
   3906.6717803051879     
   3599.1441242311193     
   2874.2358093687667     
   2303.9622202108662     
   1707.3807454611235     
   2121.3495723292795     
   1617.6357209371427     
   1381.3438502370504     
   1322.9691005220341     
   2000.3601753862890     
   1813.9643287742108     
   1429.7059113431669     
   1064.0619298770739     
  0.42155472742770767     
  0.83438125922024542     
   851.82529608935977     
   1045.2472406708421     
   1946.7813691188987     
   1879.1177991246543     
   2427.7360886995934     
   2158.9758921061389     
   2738.9563061344534     
   2182.1177831207733     
   2091.0443430559044     
   2533.5201378362458     
   3123.0287261804478     
   3639.0660381807129     
   3693.5594121965587     
   3471.8869183189117     
   3685.7433440531595     
   3735.8549850350018     
   3030.5273704246370     
   3825.3247576340582     
   3406.3671467774275     
   2356.4128930398197     
   2434.7043582831379     
   2344.8725628835828     
   2101.9031117375348     
   1841.5605420822221     
   1887.8603705476389     
   2301.4388338193976     
   1383.2702182617688     
   929.41421831110972     
   825.10647485691391     
   1.8874382005141282E-002
   5.6458412843434856E-002
   759.60011240937911     
   1328.5226879233508     
   1606.1013698782990     
   2491.8408280027961     
   2787.5369192921121     
   2942.0098963225869     
   3256.9099754578715     
   3000.9429538858162     
   2918.6243132957038     
   3389.7690621674892     
   3696.6102076978773     
   2944.0363634226146     
   3178.8548526540540     
   2959.1693737298351     
   3230.6394942951015     
   3280.8989577394859     
   2543.7460164592885     
   3119.5359268278389     
   3925.2021633419213     
   2881.5457340362727     
   3287.8052654465851     
   3120.9241344532738     
   3011.7551994240898     
   2732.4050823712087     
   2733.5002649478747     
   2100.3079996495430     
   1258.4304440709011     
   820.77352280798016     
   733.14517530473870     
   2.1347518801751227E-002
  0.63844424072527450     
   728.50687472591540     
   1289.9797190283666     
   1480.8568176563253     
   1680.3133718284373     
   1774.0044317862571     
   2133.3101039880630     
   2371.9251063216489     
   2389.3092830985224     
   3106.0052873255086     
   2953.0778842333707     
   2978.3608797782686     
   2425.2029455592628     
   2544.2396546875916     
   2522.1838008901882     
   3349.5037982081085     
   2532.9775130158318     
   2314.2185021296532     
   3088.3440012103083     
   3695.4202282363713     
   3209.8456887348566     
   2853.9774396446487     
   2416.6764653510886     
   1949.6908525690164     
   1939.1060486602673     
   2075.3843461541819     
   1775.2213662618597     
   1940.6504064854869     
   1520.1665011805298     
   1213.9533929126324     
  0.63491730467056717     
  0.38287504318031962     
   730.72390979692250     
   407.44049205514381     
   580.26696569141814     
   823.85518450751158     
   1026.9701473519876     
   1267.7760709253735     
   1664.0093017757260     
   2509.4254904749109     
   3008.9940638891158     
   2378.9768436050344     
   3158.7956861251469     
   2477.2170640796157     
   1722.6038688637091     
   2752.4442094259107     
   3157.9074085556749     
   2225.4076870765748     
   2250.2961915960914     
   3184.3093554449770     
   2918.6796830432427     
   3139.8596150244589     
   2294.7636166308307     
   1843.0927404898080     
   1530.8784129062196     
   1643.8201551218094     
   1545.3894537152696     
   1022.5482261706185     
   987.44036388545987     
   1011.9585029014254     
   1003.7120190455072     
  0.23462314963587672     
  0.17891922153070447     
   455.37844983358565     
   855.57556438246240     
   1332.2625364106623     
   1620.5877086480457     
   1856.0214276535876     
   1759.9034903918223     
   2500.6111684191378     
   2837.2499794568603     
   2614.4081695632467     
   1922.9053719722692     
   2546.1277473581808     
   2131.7191310570356     
   1813.2687379274544     
   2688.4340636361703     
   2729.9227219668101     
   2327.7813071919491     
   2245.8654512196854     
   2913.0156318952463     
   2410.1936691482533     
   3497.6406245415837     
   3070.9672959609879     
   2758.7125607597441     
   1923.7180935815215     
   1463.4636951298994     
   1239.6556155327323     
   895.24516837577050     
   834.12579882294176     
   690.52230006062348     
   194.74905423359098     
  0.93956371922221860     
   7.1624512830520778E-002
   653.63440359303922     
   1407.6221120925688     
   1436.5233928765815     
   1780.6001461207279     
   2114.1013473873363     
   2673.5885921603190     
   2832.5492952449408     
   2121.6184866701824     
   1994.1573148987814     
   1788.8559286934124     
   1904.6531236204150     
   1507.4294588439416     
   1690.9734136468819     
   2718.3168914252205     
   2083.5636964956698     
   2094.2896685329092     
   2056.9338522032708     
   2620.5342491604092     
   2140.4979448329159     
   3029.2187636376652     
   2258.0030797483314     
   2588.3756212844182     
   2489.8701622065100     
   1785.4422209079232     
   1867.4135104363538     
   1527.0956122980026     
   1377.9356373880346     
   1232.8395879256041     
   987.48100561789886     
  0.50556145358108862     
  0.54365586800368726     
   210.22429740223893     
   654.75401159444652     
   1052.5458919574764     
   1383.9582639831303     
   1715.5054780651492     
   2396.0440318900937     
   2886.9575218515010     
   1992.2219147643011     
   1310.0470894004266     
   1400.1265468599570     
   903.50133806047972     
   1616.2442300156599     
   2230.5465239642936     
   2577.1514980127236     
   1818.6890596883791     
   1187.9140821652159     
   1977.1056254276068     
   2165.4461079233124     
   1817.7259878492534     
   2836.7202750121614     
   2079.7619635125170     
   1786.4030729190936     
   2164.3580517864871     
   2864.3040434304157     
   2822.0540202792126     
   2239.1620547767743     
   1404.4439476647533     
   1165.0050542087270     
   418.08955406417056     
  0.61098273171371376     
  0.53442727728988260     
   807.22247279062901     
   1360.3939761914598     
   1852.8606106725631     
   1861.9429799025006     
   2533.6651536720410     
   2523.5771019343965     
   2182.0502992864240     
   2533.4112557581079     
   2036.0100137285635     
   1019.8482490978744     
   1232.0069437876066     
   1850.4367526656847     
   2451.5391613721858     
   2441.0153944277799     
   1994.8222521545301     
   1259.0954966675099     
   1390.6314634578182     
   1998.2695426623732     
   1677.9876843847594     
   2414.6999340407529     
   1718.7026877955343     
   1471.7385230966095     
   2039.4919891605286     
   2148.1869687942472     
   2218.3641958971230     
   2211.6677801147684     
   1472.9634173729507     
   1135.6330241347662     
   785.31783918242525     
  0.78052973440526319     
  0.92378736951788309     
   328.49414236739153     
   809.38369746891908     
   1686.9692327589569     
   2206.9851394286597     
   2132.2221099990011     
   1651.4120484701793     
   1696.5140803203201     
   2469.0695001064287     
   1777.0510700764974     
   685.29158891074360     
   1160.3547644280618     
   1791.1486025043425     
   2283.2570967659967     
   1687.3224662607424     
   2111.5073675899116     
   1396.1788745469644     
   1195.3556416504432     
   1910.3869924567616     
   1048.1736495184946     
   1816.9559137003218     
   1588.2062099552095     
   1131.1410409619207     
   1895.4710495719382     
   1961.9089644916439     
   1528.2548048298693     
   1995.2466593302622     
   1685.4987039548623     
   1423.5057445354325     
   924.01871203649193     
  0.85546736380853750     
  0.56798756515879345     
   503.15751862338686     
   1370.6474234398909     
   1774.5720594953398     
   2264.6894932353553     
   1778.9684470955447     
   1410.9480715758016     
   1248.2851980212286     
   1898.9855509897673     
   1654.5194092561680     
   667.24826582113485     
   705.18592602173817     
   1365.2371070202607     
   2268.1196406077711     
   1240.7880385947858     
   1522.5358181964066     
   823.81853663479467     
   1137.5760207680144     
   1342.6231732389981     
   752.91409429239923     
   1742.2280656038629     
   951.29626931559505     
   1217.5799218250388     
   1681.1705170765499     
   1850.9105556236705     
   1124.2664563842122     
   1118.0717791014190     
   2246.5927860576621     
   1567.4150297831868     
   957.84139940641114     
  0.36916639936181034     
  0.63822940747429691     
   852.23499425967941     
   1576.2597641434870     
   1135.1604503272622     
   1515.9326912859735     
   1001.2914486222046     
   1301.1459278989148     
   732.68899404992601     
   1665.7863678474296     
   1213.5241560439681     
   531.64549769703478     
   847.69863715499355     
   1322.6910789747021     
   1724.5750840503358     
   889.21430849658066     
   1256.9400141720200     
   558.76812541551044     
   1153.8302527366618     
   778.46554493228280     
   1080.5817623121563     
   1544.4201951325701     
   622.44310801687755     
   937.09421268361928     
   1217.1242312371944     
   1638.5135167530398     
   827.49882939376755     
   1093.4501881460785     
   1555.3112532127145     
   1779.1370397994006     
   1057.0960850685615     
  0.63096594739570755     
  0.18244182183857555     
   929.12080572573768     
   1128.5493882247229     
   731.14402248906038     
   997.82684145235112     
   561.75221177443973     
   933.07263130243734     
   939.64830161912732     
   1208.5436242545823     
   619.71867218250907     
   422.94480480295789     
   814.95645988985291     
   593.48567280491932     
   1129.6688253260463     
   699.28824999678329     
   970.78622427208904     
   446.71728694019635     
   1043.1901979508541     
   246.84339611221435     
   1166.3233495295688     
   1137.9493551338430     
   476.34968266376933     
   892.60681069094096     
   768.84009369296825     
   1180.6874175410387     
   556.09275942323416     
   936.71972485170147     
   1032.0259130226891     
   928.86469086958141     
   1098.8905099661829     
  0.43935079282355383     
  0.92772820345399398     
  0.67473666699321866     
  0.56184091566617578     
  0.71200883081334521     
  0.40373539112527973     
   9.7747859591429287E-002
  0.52224164788839011     
  0.17648850524455353     
  0.68429536274980174     
  0.12512857828089707     
  0.45687654545390538     
  0.97859070838643369     
  0.36392169814247072     
  0.38361634151292812     
   8.5367409731830907E-002
  0.48884113707313437     
  0.17327500208576652     
   6.7188271394027457E-002
  0.43216638986569184     
   4.1255282957519263E-002
  0.91571385416318707     
  0.33321334666492225     
  0.60236468485719574     
   9.3366712992509607E-002
   7.3085390429265817E-002
  0.34435399886059787     
   6.9972232800325260E-002
  0.61605509899471289     
  0.24641804763020231     
  0.27864055456512488     
  0.71626640017804410     
