  0.99755959009261719     
  0.74791603757811442     
   7.3750076366523740E-002
  0.34223240266120120     
  0.38676720862717301     
   1.6140682154597189E-002
  0.32303077263118596     
  0.96853568765264719     
  0.45687713294606613     
  0.75544260870378377     
  0.65822912053203386     
  0.97866086506688932     
  0.55087202586138362     
  0.97775313472619274     
  0.40246600221185602     
  0.67453414984975679     
  0.11585954880385911     
  0.73112626913715195     
  0.42151121859723689     
  0.99037731511894256     
  0.73402368711228305     
  0.70617965782182990     
   6.1731207343765374E-002
  0.13757322862872240     
  0.30381763759237251     
  0.50366454853843112     
  0.10128623191285495     
  0.79291369079405949     
  0.95354650575145949     
  0.59678065982964812     
  0.10057339249283215     
  0.55444870804951574     
   910.81510198144554     
   849.07371454751637     
   458.29288487632033     
   758.03881668503732     
   592.19245383151031     
   756.61851872274701     
   948.02241126187016     
   168.19256751124772     
   760.03577940753428     
   857.59108834531901     
   571.90485081387453     
   797.22039436650550     
   471.14127607810644     
   556.08747264092256     
   901.45271502768776     
   720.83062664115482     
   759.57720862711665     
   881.21342008995680     
   791.91802084949097     
   456.70522089105600     
   664.04744764477982     
   916.36383169168710     
   387.99763130562047     
   201.60595237003037     
   912.60119402902444     
   654.81227520800360     
   910.36795271689039     
   449.51378737167943     
   934.99087832271118     
   8.5516517991423763E-002
  0.61328656873478060     
   733.46435091020351     
   1386.6869094804865     
   1108.0342151323412     
   1565.0565407736838     
   817.51896576651268     
   1114.6288966462382     
   1146.0537787268345     
   336.94522184950512     
   1269.2344193805475     
   1407.3650445650624     
   549.65343265645333     
   1172.3247360115142     
   310.88030861547452     
   1307.2808076480499     
   1539.4136582880305     
   675.14788113102088     
   872.22415698723080     
   1519.1697929056465     
   1346.8683672309164     
   438.57274937247735     
   1270.9360321162694     
   1257.4974083141572     
   1209.1775145158706     
   809.51363974085461     
   969.34462748098588     
   1300.1761507160584     
   1410.8726935069756     
   1085.6087466897004     
   886.11345357395817     
   9.2815404260263759E-002
  0.36604068767323372     
   699.61945932349272     
   981.93641303496997     
   1874.2033735567591     
   1539.2881597642734     
   1069.0095373971983     
   1398.7279182102388     
   1409.3235126561310     
   514.00690100720442     
   1147.6423022919139     
   1562.1571404207714     
   838.71944697041681     
   1096.7614814044473     
   742.02295087004450     
   1458.9009327725241     
   1688.7548697732011     
   740.39030680642963     
   867.70703205737925     
   1682.9417586520710     
   1210.9030143067534     
   708.85585814895035     
   1499.9793540638177     
   1656.6677955413263     
   1824.2013033898600     
   719.09828921165558     
   989.56276843907278     
   1783.8088702071213     
   1853.5939226076032     
   1539.3972864466298     
   725.72586548640970     
  0.39499741435888985     
  0.89108810184862264     
   491.87900343515020     
   1208.1764872847994     
   2151.0717148305316     
   2089.8254990265036     
   2011.3966993319748     
   1690.2328596747104     
   1646.7189224766430     
   837.48448848765179     
   1137.9430337017013     
   2058.7216487888290     
   1288.4892278952173     
   1381.7093877121217     
   968.49202061499795     
   2113.2659433994340     
   1412.5416665251666     
   842.98932315999173     
   1055.1172782545789     
   1603.7275360881381     
   1747.9707532486620     
   1301.0221850736896     
   1591.7780078994842     
   2339.2488661884104     
   1804.2647969465374     
   1277.2068509988969     
   2154.5610558869048     
   2453.9453402309182     
   2010.3917786764400     
   1363.5701363470380     
   797.34122751683844     
  0.48526495091719030     
  0.37892155993030485     
   693.61280647674278     
   896.63862809586578     
   1563.9050513875325     
   2135.6464852471736     
   2515.7953578851075     
   2374.9962953688787     
   1380.0549091743671     
   1758.0524368898239     
   1161.9792731786213     
   2264.8498330524912     
   1682.8583229372680     
   1478.6931161063408     
   1244.6826973788015     
   2181.1072980973672     
   1458.2926395257662     
   729.66889606567247     
   1275.5401330179868     
   2053.7803367247561     
   2347.5137591407929     
   1969.4105622459003     
   1640.7847830703727     
   2224.2033742607100     
   2114.9111747490133     
   1596.3257280187429     
   2562.9656478605852     
   2097.0646694728812     
   1264.6979527789506     
   1162.6685657411867     
   1098.2707891434388     
  0.83466540817174983     
  0.46430244579409546     
   818.28505527966706     
   1076.0407563001631     
   1249.2780528368307     
   1312.9050398505608     
   1811.3830528653198     
   2662.5004686287884     
   1869.3890119241123     
   1854.0814480609638     
   1997.8702767881589     
   2535.6290890620539     
   2147.7943903785899     
   1584.2611610054719     
   1385.2974221875863     
   2303.0921487814931     
   1402.5936447025260     
   1463.7245237410780     
   856.44622629892478     
   1529.1260067859721     
   2241.1346536739493     
   2268.7481636540547     
   1800.2159255252257     
   2669.8347879995854     
   2253.3374590266035     
   2229.0573263389506     
   2475.3694478181069     
   2229.9638504073437     
   1661.3741387097468     
   1624.5211004237369     
   825.32498575752038     
  0.21642072563346740     
  0.63501354582458325     
   848.76386991181153     
   1096.8391522565264     
   1400.3634821740600     
   1563.0878282128992     
   2023.5528380904857     
   2586.1200682523117     
   3080.5778961691290     
   2442.0732689835631     
   2237.1106519275236     
   3275.2039080012069     
   2691.0310320943931     
   1895.9029191013392     
   1327.9726503449099     
   2438.2761648754381     
   1703.7851988223783     
   1939.2543719851408     
   1731.3760902229742     
   1379.5811253753659     
   2132.9814556183092     
   2509.7300784145659     
   2490.1915231286125     
   3200.0312040733256     
   3057.6546958044992     
   2447.7588121076437     
   1971.8729494562451     
   1110.1807173538771     
   800.33877542941968     
   520.58604917961998     
   641.09190308425809     
  0.64764475247292741     
  0.19491440108718233     
   519.17929115606523     
   730.69367654806422     
   875.56176676817017     
   1705.2419003141199     
   2038.0415485002011     
   1693.4043838893881     
   2642.2306077519297     
   3144.5449303538298     
   2834.5256361987108     
   3251.8847828057978     
   2461.6655858432691     
   1902.8401049319095     
   1851.5987680244805     
   2499.6352575213155     
   2592.1564696812943     
   2408.8924058116158     
   1786.4449527563540     
   1567.9105847121807     
   2271.7722980295107     
   2957.5374629749012     
   3113.7957198028976     
   3148.5591896829565     
   2414.8069431261720     
   2162.4762501430032     
   1634.8239048691719     
   2027.8259616265609     
   1635.3886299870001     
   1333.6501676926484     
   691.18021826907614     
   5.6057447725972154E-002
  0.37725438719208126     
   505.45622477719030     
   955.49725959247655     
   1112.7607300314364     
   1074.1876337796630     
   1120.3866064239085     
   2058.0151449282553     
   2070.4736622470386     
   2704.2726559217599     
   3250.0520770772487     
   3274.7455752798255     
   2576.9172831349911     
   2738.8057245385253     
   1826.9465377046522     
   2748.2713259281995     
   3194.9758542946961     
   2875.9254526434497     
   1754.7380865498785     
   1921.7774087759667     
   2082.4276078298440     
   2788.5201920024037     
   3680.9761129137833     
   3411.7758570143055     
   3199.4415427130875     
   2869.1511465036438     
   2563.4521208825536     
   2277.4730233694822     
   1548.6080334988606     
   1185.8455436722340     
   1026.7844425938872     
  0.69853764813562769     
  0.35876467618740138     
   676.95456441799695     
   969.76687436465716     
   1726.9894644138431     
   1493.2671717329988     
   1554.0778931423026     
   1561.8209866164157     
   1812.8377052520427     
   2258.7961950115978     
   2764.5390203737106     
   3576.5784299312404     
   3624.4141125534525     
   2797.3017601294205     
   2181.3986555978490     
   3069.1876143101904     
   3099.3683549465745     
   2271.4710135465825     
   1713.2944270396638     
   2506.3966271085951     
   2608.4368731069103     
   3535.2027910489301     
   2785.4646822744257     
   2252.7100224434148     
   2473.7484640430680     
   1784.9966691039244     
   1713.0102551847426     
   1564.4682513823018     
   1653.8001075010882     
   1317.9664867045356     
   992.27472022543316     
  0.77871823935663254     
  0.21439383427931769     
   701.09538592108481     
   1082.3589742678071     
   1939.4985737510008     
   2284.8001343358733     
   2322.3192511774428     
   2004.2048461663871     
   2152.1147128684829     
   2000.4647659886089     
   2297.9118548125584     
   2791.6558103767652     
   3473.4152442296795     
   3385.0453986145176     
   2487.4941754555575     
   3570.9760787211062     
   2778.1106435486868     
   2077.8435181606574     
   1960.8552973979640     
   2778.6395844006961     
   3306.3304572643374     
   3461.4804445778523     
   3173.8253810207866     
   2419.8048062016596     
   2020.1385469340926     
   1417.9421766326866     
   1409.6294783698550     
   1296.1898539282556     
   873.31727947009915     
   1287.7429751099326     
   1051.1293952166332     
  0.18434977693412150     
  0.48930872816223636     
   700.40830580346540     
   1232.8464312571093     
   1298.5812905543919     
   1697.6920185364934     
   2583.9910839541099     
   2926.2750873902833     
   2973.3938179361626     
   2871.2202322409021     
   3153.2707492354193     
   3417.9037937146340     
   3924.4352886911233     
   3572.6954876559989     
   2886.3905048743463     
   3665.6541791520690     
   2754.9947065658193     
   2350.5824477624792     
   2243.5021924053235     
   3030.4366492034742     
   3728.0588343369618     
   3305.1460737165139     
   3145.1063472296360     
   3161.8525462205303     
   2688.6439388430217     
   2300.7243800129077     
   2221.2947605470345     
   1398.1501775516983     
   903.34569361624381     
   384.09914234923701     
   217.83330712322052     
  0.14081257601236682     
  0.14315271556702605     
   666.45572968023282     
   930.87206885468049     
   1217.4087985177100     
   1545.4649962706142     
   2161.2507029546587     
   2053.6831753752303     
   2406.3474541607511     
   2330.4970724251789     
   2513.5481718074602     
   3409.0716203738834     
   3891.7819296896819     
   4296.9389847774819     
   3499.3533736363997     
   3870.4486878496223     
   3147.1486461342779     
   3030.8123740264882     
   2783.8872270561296     
   3137.3137889287523     
   3769.8023657381227     
   3018.0986580408126     
   2265.5063921792353     
   2433.0420355921565     
   2151.0958351085469     
   1561.9695743322181     
   1965.4935329310829     
   1963.5116435572797     
   1517.1043960536701     
   1159.7676327241907     
   884.91030393564233     
  0.16069996358628391     
  0.58160254049373716     
   538.03156066353790     
   724.20256845542701     
   851.80552356506405     
   838.21210358743429     
   1036.6876659508141     
   1240.8221461258720     
   1950.8926710487281     
   2639.6950692509436     
   3001.3561304335913     
   3422.9280643932157     
   3694.3716058527148     
   3716.3358871479772     
   4015.1572967787083     
   3908.1049142681818     
   3354.6152792106927     
   4189.2372048474554     
   3687.4317462213558     
   4040.1644801557054     
   4103.9030820921689     
   2941.0254761741130     
   2593.3912229954499     
   2372.3870389794188     
   2102.3887390372920     
   1893.6560353643411     
   1114.8583041313632     
   845.15915517022529     
   613.89486397447149     
   737.65098148659467     
   911.23281406473859     
  0.37425130078256480     
  0.39029742773673765     
   126.74824941052248     
   565.95320525476939     
   997.51828851255596     
   1331.0155192342957     
   1783.5775164099641     
   2113.0982506942837     
   2419.9257442113667     
   1909.4158015663468     
   2266.6557813625254     
   2667.2931136201873     
   2973.3046402094733     
   3065.1679454551986     
   3323.2104644909191     
   4557.1733950777380     
   4095.0260722114613     
   4678.8775779771540     
   4112.7190576941439     
   3686.2888635225531     
   3143.6389921340683     
   3533.5612063693738     
   3056.2282388079584     
   2838.5134522554863     
   2830.9799170409406     
   2298.4490204905460     
   1846.3655541350386     
   1333.2486446917544     
   1146.0940809533975     
   1028.7951773519644     
   1102.6359110251030     
  0.58496190157441064     
  0.66231950784951343     
   922.57220666448859     
   837.49199053513951     
   732.43790797221720     
   969.47685134620087     
   1166.6622324147493     
   1322.8328425231246     
   1532.2721661920541     
   1631.2427200828781     
   2001.0556773581320     
   2400.6016998470063     
   2714.8326439096163     
   3253.9968703036570     
   3496.5941120511438     
   3909.8695732284345     
   4716.9322235419604     
   3914.2346747915676     
   3261.3163260186016     
   3036.5591006291088     
   2691.9708439844380     
   2878.5380470595001     
   2257.4941004454154     
   1986.9066805998496     
   2089.2965343916530     
   1589.7740029362146     
   1029.2156441079042     
   999.84383306696179     
   661.76989889196545     
   701.85586341592557     
   498.58613458214177     
  0.21739469659099719     
  0.72577621818439031     
   616.82433455200874     
   851.82982322476573     
   1049.7615648206959     
   1920.8749969307823     
   1520.1272826990973     
   1765.5795209365933     
   2115.4745396445733     
   1686.1447966236633     
   1660.1904719147558     
   1973.8678350037069     
   2593.6395628512710     
   2935.3613904763297     
   3445.6659024706128     
   4181.5304123207743     
   4392.0245858067738     
   4197.9726947827503     
   3951.0793730609012     
   3631.6662114936476     
   2898.8914656072184     
   2325.5822505061647     
   1723.3817389574208     
   2137.5918890128100     
   1630.2798047971310     
   1386.1042016793265     
   1342.2170923993549     
   2008.6972052556755     
   1822.8720539531948     
   1421.0875407698734     
   1067.2240925354561     
  0.42155472742770767     
  0.83438125922024542     
   843.40885148270399     
   1032.6096106946293     
   1887.4593955352893     
   1726.0929916267273     
   2212.9994448272855     
   2311.0737860264871     
   2812.0773865571045     
   2212.2512461267129     
   2121.1963160302143     
   2562.2354885461541     
   3147.5241335465385     
   3655.6445435435717     
   3712.4622026327088     
   3489.8964888315854     
   3706.3595011226239     
   3751.4531572020314     
   3042.2530490298523     
   3846.4721073750179     
   3436.8279885428069     
   2384.0862785191907     
   2459.0589638397146     
   2361.7680291492479     
   2118.0384752010718     
   1810.3578458507641     
   1967.4918945457302     
   2085.8697282906737     
   1320.1348395671591     
   899.39174437186239     
   810.39169929938350     
   1.8874382005141282E-002
   5.6458412843434856E-002
   758.84379842148724     
   1319.9797235069750     
   1590.5735037225743     
   2437.3370108855861     
   2775.7426521226939     
   3026.9515697333341     
   3322.6853337642460     
   3034.8556017203714     
   2948.0908669035757     
   3423.6077782238549     
   3716.7883008407407     
   2957.3260529094287     
   3193.9711465835089     
   2972.8362662824056     
   3246.5453211638287     
   3294.6713253919106     
   2550.6916454691236     
   3107.5416356643277     
   3998.0196032398881     
   2996.4338812915703     
   3317.1116706996263     
   3122.2661810842565     
   3013.1156524650269     
   2722.0179512494742     
   2868.1251154290862     
   2180.1158401140942     
   1259.3497374708745     
   821.10814149327996     
   731.42991123222441     
   2.1347518801751227E-002
  0.63844424072527450     
   727.98818748422252     
   1288.1446974678609     
   1490.4951622436345     
   1698.9145219035556     
   1799.1258359612361     
   2150.2607265252013     
   2391.4497237781297     
   2397.1130835576041     
   3111.1360878934174     
   2963.1966659755881     
   2991.8154645577993     
   2435.9018109022481     
   2555.5557580088748     
   2533.8267518162561     
   3369.2300940432542     
   2541.6564126423564     
   2325.4506350953575     
   3121.3359750875188     
   3610.8668936327467     
   3182.4063116685406     
   2842.8365537737095     
   2418.7080786255278     
   1949.9046190750673     
   1942.9102060208099     
   2111.2448164662346     
   1789.8581821226671     
   1938.9432324222182     
   1519.4448111487307     
   1213.7948531482898     
  0.63491730467056717     
  0.38287504318031962     
   731.88152884416968     
   409.71153480821374     
   584.47914648820779     
   829.62649851558967     
   1033.2207194133050     
   1272.0303399652339     
   1669.8835507903539     
   2516.4775876401231     
   3017.3264217803030     
   2388.3998108605656     
   3172.0070254264347     
   2487.9697201984759     
   1730.5285333800068     
   2793.0407048233828     
   3197.0395482017830     
   2245.6388299864821     
   2262.2838859005624     
   3207.2579242404940     
   2884.2523552813473     
   3136.2430750376734     
   2291.6030055543001     
   1840.5075502334614     
   1529.6252510318327     
   1645.3426861200671     
   1548.7883076378826     
   1026.2020688338296     
   987.91265055289591     
   1011.9871050138928     
   1003.6809230921165     
  0.23462314963587672     
  0.17891922153070447     
   455.62088861953112     
   863.97196328674966     
   1339.1438280839961     
   1628.2519613354605     
   1864.6191130476116     
   1763.6921137270674     
   2508.9929024594280     
   2846.5313478561056     
   2626.6992446293029     
   1931.2552841847676     
   2556.2409637393189     
   2140.9329363408556     
   1821.7185489458634     
   2710.7417852719859     
   2670.4516583885588     
   2360.5544432393867     
   2252.8534786049013     
   2899.7035761362595     
   2394.9294042733700     
   3504.0443906101350     
   3080.9596241171284     
   2763.6890682557842     
   1925.6002521347127     
   1464.6099180609342     
   1240.3250893204481     
   902.90571161827938     
   834.45981286583344     
   688.27248220627291     
   194.57950060004046     
  0.93956371922221860     
   7.1624512830520778E-002
   647.80484091214601     
   1408.9134928484755     
   1439.1379090065961     
   1784.5607448160604     
   2120.9593233087644     
   2681.4875418317370     
   2873.1638443425595     
   2136.5385536056492     
   2004.1192299428242     
   1796.7680844733138     
   1912.7067767223004     
   1514.3757388474430     
   1697.9321904413587     
   2724.3135695695519     
   2061.6785864572598     
   2095.8402585517592     
   2061.6773363020461     
   2614.4576637561076     
   2134.1277688893779     
   3039.5296822799032     
   2267.8982495396081     
   2598.3103180781254     
   2494.4581852050719     
   1790.1075305121849     
   1878.6025416731461     
   1588.7796330585500     
   1299.8192403225589     
   1218.5917617762932     
   986.58049310245417     
  0.50556145358108862     
  0.54365586800368726     
   210.21780121289294     
   652.59347894350174     
   1053.8242290108924     
   1385.2958209693581     
   1719.3859724322945     
   2402.1381717834970     
   2919.5759692027473     
   2010.6534432384981     
   1316.6711019837144     
   1406.4175651402002     
   908.13735772204473     
   1635.3639450363992     
   2290.2840463321495     
   2686.1923842061274     
   1848.0590571663622     
   1188.3410109531460     
   1980.7478322843747     
   2162.1735059611628     
   1815.7268703588668     
   2893.5816101590272     
   2119.3620963766548     
   1794.7807604347402     
   2173.7791936717817     
   2863.9534414062596     
   2866.8522980570983     
   2249.9367705349314     
   1414.6290322922566     
   1172.2564620226042     
   418.69758213979458     
  0.61098273171371376     
  0.53442727728988260     
   807.27506504174380     
   1359.7683118140189     
   1856.6602313299084     
   1866.0956565978042     
   2541.8479868481159     
   2504.8318323002877     
   2173.6637407855037     
   2523.1754892060831     
   2046.0115480324378     
   1024.4480256239019     
   1238.3400884681757     
   1874.7967371312473     
   2482.7744304210364     
   2225.1464132375936     
   1982.3607454160197     
   1261.5991024725645     
   1392.7877462453912     
   1997.7529962929814     
   1678.9367191607948     
   2303.6311753522077     
   1725.2070475777441     
   1477.6095630788382     
   2047.9906382743711     
   2147.1034884036244     
   2219.1560607203019     
   2212.3618183440180     
   1473.3011720056877     
   1136.2474713137005     
   785.72073351698771     
  0.78052973440526319     
  0.92378736951788309     
   328.49631815062145     
   809.40845979513813     
   1687.2873935220473     
   2208.6648300476641     
   2135.4127355521350     
   1692.3002131090946     
   1691.7927067424575     
   2467.9622956932139     
   1787.2247096118238     
   688.62782046949690     
   1182.3131115022336     
   1843.9760268653094     
   2197.6922031957506     
   1595.8624527474797     
   2089.7015616250874     
   1398.1646524603095     
   1197.1781809770230     
   1910.5973838685838     
   1054.1102627177179     
   1661.6346243884398     
   1593.5301651728591     
   1133.8152141797725     
   1912.2973529303929     
   2021.2826701527426     
   1526.5664377700778     
   1995.1548455792099     
   1684.0240060741667     
   1420.5272453659250     
   917.73215442970422     
  0.85546736380853750     
  0.56798756515879345     
   503.15857123534420     
   1370.7065191150052     
   1774.8654833529868     
   2274.7966880046579     
   1774.9444119314787     
   1415.5068053646398     
   1253.6529100108551     
   1918.6728545736580     
   1674.9061773326328     
   670.87285833265798     
   708.04348748833854     
   1372.8613839037923     
   2230.1166342864203     
   1213.8657761768984     
   1496.9369365553209     
   825.15483727636922     
   1138.6869684860853     
   1342.9673563473596     
   756.44586318520112     
   1739.5417047188237     
   946.96680460790958     
   1216.8833675827116     
   1659.4720498143311     
   1848.9055510661401     
   1122.9109456213773     
   1134.5780716062579     
   2230.1162994857891     
   1588.1882101765405     
   963.07407195324743     
  0.36916639936181034     
  0.63822940747429691     
   852.23265850970108     
   1576.2449810336734     
   1135.1493643222861     
   1512.7736161776377     
   995.11602427951482     
   1294.3804725130808     
   733.54181794055660     
   1668.9399684664652     
   1138.1927621767618     
   535.50815942093197     
   849.52067328369355     
   1319.0719091868552     
   1720.9051355475192     
   872.09225181558361     
   1242.9524594026084     
   559.62681781249489     
   1154.6050177519317     
   780.20786359677243     
   1081.8758857748130     
   1544.2309414766171     
   620.48261306975098     
   935.50124660749225     
   1205.6329329563448     
   1629.2031942421499     
   828.75043894751298     
   1094.2628355576228     
   1547.3726851831102     
   1785.3277796181492     
   1058.7399070233928     
  0.63096594739570755     
  0.18244182183857555     
   929.11970650038450     
   1128.5457722961603     
   731.13848888466146     
   996.12345332447251     
   561.12263453361595     
   933.35702082266710     
   940.89890245674439     
   1223.8616498337040     
   595.16267597234048     
   424.42248626716122     
   815.70665189621593     
   593.18485459390922     
   1128.8964924283227     
   691.35921455972266     
   963.03360059733575     
   447.20219206221151     
   1043.5468513836406     
   247.94393379153283     
   1166.3298682674304     
   1137.9281432885195     
   475.24978137315935     
   891.69975961343448     
   763.94598752710897     
   1179.5991209489666     
   556.92077082750916     
   936.77873048228128     
   1030.5887073634995     
   928.79719103614582     
   1098.9053607559233     
  0.43935079282355383     
  0.92772820345399398     
  0.67473666699321866     
  0.56184091566617578     
  0.71200883081334521     
  0.40373539112527973     
   9.7747859591429287E-002
  0.52224164788839011     
  0.17648850524455353     
  0.68429536274980174     
  0.12512857828089707     
  0.45687654545390538     
  0.97859070838643369     
  0.36392169814247072     
  0.38361634151292812     
   8.5367409731830907E-002
  0.48884113707313437     
  0.17327500208576652     
   6.7188271394027457E-002
  0.43216638986569184     
   4.1255282957519263E-002
  0.91571385416318707     
  0.33321334666492225     
  0.60236468485719574     
   9.3366712992509607E-002
   7.3085390429265817E-002
  0.34435399886059787     
   6.9972232800325260E-002
  0.61605509899471289     
  0.24641804763020231     
  0.27864055456512488     
  0.71626640017804410     
